Objective:  1.25833 99 6
5 1 0 55
2 1 3 1 4 1 34 44 0 2 2 34
1 1 0 84
1 2 3 2 97 115 2 97
2 2 44 117
4 2 5 2 73 121 55 73

Objective:  0.739552 91 4
1 1 5 1 0 97 97 135
2 1 3 1 4 1 0 20 20 43 43 133
1 2 5 2 97 153 153 163
2 2 3 2 4 2 149 177 43 127 133 149

Objective:  0.907169 93 6
1 1 0 82
3 1 4 1 5 1 0 1 19 98 1 19
2 1 0 92
2 2 3 2 5 2 102 138 138 157 19 65
4 2 98 141
1 2 82 148

Objective:  0.625641 95 5
1 1 2 1 3 1 4 1 5 1 128 129 54 128 0 50 129 190 50 54
2 2 4 2 128 195 195 248
1 2 3 2 5 2 181 214 50 120 120 181
1 3 2 3 4 3 214 243 243 248 248 304
3 3 5 3 241 275 181 241

Objective:  1.16404 211 7
1 1 2 1 0 37 37 96
3 1 4 1 5 1 67 159 63 67 0 63
2 2 96 159
1 2 5 2 37 131 131 221
3 2 4 2 159 188 67 140
2 3 3 3 5 3 159 214 214 219 221 237
1 3 4 3 202 234 140 202

Objective:  0.468702 18 7
4 1 5 1 0 34 34 133
1 1 2 1 3 1 56 140 31 56 0 31
1 2 4 2 140 230 34 113
2 2 3 2 5 2 62 140 31 62 140 144
3 3 5 3 188 225 144 188
1 3 4 3 230 235 113 209
2 3 140 221

Objective:  0.560241 15 10
3 1 4 1 5 1 0 18 67 105 18 67
1 1 2 1 6 96 0 6
1 2 2 2 5 2 157 191 6 93 93 157
3 2 4 2 18 89 105 159
4 3 5 3 159 181 181 234
1 3 2 3 3 3 191 208 133 190 89 133
1 4 208 274
5 4 234 253
4 4 181 273
2 4 3 4 190 238 238 292

Objective:  0.198007 59 5
1 1 2 1 3 1 4 1 5 1 293 300 148 245 0 69 69 148 245 293
1 2 2 2 3 2 4 2 5 2 345 411 245 276 418 472 276 345 411 418
1 3 2 3 3 3 4 3 5 3 443 519 276 339 519 545 345 443 545 631
1 4 2 4 519 604 604 701
3 4 4 4 5 4 545 641 669 718 641 669

Objective:  0.272727 0 7
1 1 2 1 3 1 4 1 5 1 154 226 3 50 50 87 87 154 0 3
3 2 4 2 208 292 154 208
1 2 2 2 5 2 226 315 102 184 3 102
2 3 3 3 184 260 292 361
1 3 4 3 5 3 315 338 208 284 284 288
3 4 4 4 374 376 284 374
1 4 2 4 5 4 366 379 260 334 334 366

Objective:  1.46398 247 10
5 1 6 1 7 1 56 57 46 56 0 46
1 1 3 1 0 28 28 116
4 1 8 1 0 40 40 105
2 1 0 99
1 2 28 126
2 2 99 147
7 2 46 130
5 2 57 121
4 2 6 2 40 107 107 139
3 2 8 2 120 180 105 120

Objective:  1.11481 242 6
3 1 6 1 8 1 83 154 0 67 67 83
1 1 2 1 4 1 5 1 7 1 0 43 146 176 58 106 106 146 43 58
4 2 106 200
2 2 5 2 184 255 146 184
3 2 8 2 154 203 83 154
1 2 6 2 7 2 165 195 99 165 58 99

Objective:  0.601477 97 5
1 1 2 1 3 1 6 1 7 1 83 132 0 33 132 177 69 83 33 69
4 1 5 1 8 1 91 125 0 91 125 151
4 2 8 2 125 165 165 201
1 2 2 2 132 185 185 215
3 2 5 2 6 2 7 2 189 208 173 189 83 110 110 173

Objective:  0.26673 70 4
1 1 2 1 3 1 4 1 5 1 6 1 7 1 8 1 0 41 197 250 250 310 138 154 154 197 310 364 364 427 41 138
1 2 2 2 3 2 4 2 5 2 6 2 7 2 8 2 256 260 366 384 310 366 384 407 197 256 407 449 454 518 449 454
1 3 4 3 6 3 8 3 486 524 407 486 524 531 531 617
2 3 3 3 5 3 7 3 461 551 366 461 551 570 570 606

Objective:  0.64599 25 10
1 1 3 1 4 1 7 1 8 1 35 46 67 126 0 35 57 67 46 57
2 1 0 91
5 1 6 1 0 84 84 128
2 2 91 160
1 2 4 2 5 2 6 2 75 111 35 75 111 132 132 156
3 2 7 2 8 2 126 158 77 124 57 77
2 3 160 228
1 3 3 3 6 3 185 194 158 185 194 195
4 3 5 3 182 226 132 182
7 3 8 3 124 188 188 205

Objective:  0.410963 127 5
1 1 2 1 3 1 4 1 5 1 6 1 7 1 8 1 0 18 18 72 72 85 196 259 101 196 85 101 353 400 259 353
1 2 2 2 3 2 4 2 6 2 8 2 313 318 239 284 147 239 284 313 101 147 353 434
5 2 7 2 196 282 400 432
1 3 3 3 4 3 5 3 8 3 318 370 437 490 409 430 370 409 434 437
2 3 6 3 7 3 284 372 372 441 441 475

Objective:  0.691547 37 9
1 1 2 1 3 1 6 1 7 1 139 143 18 29 29 84 84 139 0 18
4 1 5 1 8 1 87 119 0 87 119 198
2 2 3 2 4 2 8 2 29 82 164 198 119 164 198 265
1 2 5 2 6 2 7 2 204 274 87 183 183 204 18 83
2 3 3 3 8 3 82 137 198 294 294 333
1 3 4 3 5 3 6 3 7 3 306 322 322 328 183 271 271 306 83 173
2 4 6 4 367 377 306 367
1 4 4 4 5 4 7 4 322 334 356 371 334 356 371 391
3 4 8 4 294 333 333 394

Objective:  0.642857 0 13
4 1 6 1 0 20 20 112
1 1 2 1 0 86 86 162
3 1 5 1 7 1 8 1 34 89 24 34 89 135 0 24
5 2 6 2 7 2 34 114 114 142 142 223
1 2 2 2 86 164 164 263
3 2 4 2 8 2 114 209 82 114 24 82
2 3 3 3 4 3 297 339 209 297 114 166
5 3 6 3 7 3 246 330 142 226 226 246
1 3 8 3 164 254 254 315
3 4 5 4 297 362 362 397
1 4 2 4 4 4 254 341 366 398 341 366
6 4 7 4 337 411 246 337
8 4 315 381

Objective:  0.22089 52 6
1 1 2 1 3 1 4 1 5 1 6 1 7 1 8 1 289 361 361 412 64 97 198 289 412 484 176 198 0 64 97 176
1 2 2 2 3 2 4 2 5 2 6 2 7 2 8 2 392 400 412 486 107 155 289 332 486 529 198 243 64 107 332 392
1 3 2 3 3 3 4 3 5 3 6 3 7 3 8 3 487 545 486 487 155 213 381 471 545 575 243 339 339 381 575 614
5 4 8 4 575 641 641 679
1 4 3 4 6 4 545 627 666 690 627 666
2 4 4 4 7 4 487 584 584 656 656 737

Objective:  0.755031 84 7
7 1 10 1 70 120 0 70
2 1 4 1 9 1 7 105 105 175 0 7
1 1 3 1 5 1 6 1 8 1 0 61 112 167 95 112 61 74 74 95
3 2 6 2 9 2 10 2 167 169 74 155 155 161 169 189
2 2 4 2 105 168 175 199
1 2 7 2 145 190 120 145
5 2 8 2 112 153 153 191

Objective:  1.15397 263 6
2 1 3 1 9 1 0 74 129 145 74 129
1 1 5 1 6 1 7 1 10 1 70 83 0 41 41 70 83 120 120 199
4 1 8 1 0 93 93 160
3 2 4 2 7 2 226 263 187 226 120 187
6 2 8 2 214 286 160 214
1 2 2 2 5 2 9 2 10 2 208 211 211 215 162 208 129 162 215 295

Objective:  0.872678 622 3
1 1 2 1 3 1 4 1 5 1 6 1 7 1 8 1 9 1 10 1 309 347 115 175 0 39 459 498 391 459 347 391 175 205 249 309 39 115 205 249
1 2 3 2 4 2 6 2 7 2 8 2 448 500 417 421 500 545 421 448 349 417 309 349
2 2 5 2 9 2 10 2 332 412 487 534 412 487 249 332

Objective:  0.795069 60 11
3 1 6 1 10 1 89 185 0 49 49 89
4 1 5 1 9 1 140 198 0 77 77 140
1 1 2 1 7 1 8 1 165 217 74 165 0 49 49 74
3 2 185 265
4 2 6 2 7 2 9 2 10 2 241 274 224 241 49 143 143 169 169 224
1 2 2 2 5 2 8 2 257 282 165 257 77 93 93 162
2 3 4 3 5 3 257 330 364 389 330 364
3 3 8 3 265 340 340 389
1 3 282 376
7 3 10 3 317 401 224 317
6 3 9 3 241 340 340 385


Objective:  0.519678 40 9
3 1 4 1 10 1 87 157 0 87 157 242
1 1 7 1 9 1 42 126 0 42 126 223
2 1 5 1 6 1 8 1 57 103 186 255 103 186 0 57
2 2 3 2 5 2 103 167 167 262 262 272
4 2 6 2 10 2 87 140 186 229 242 287
1 2 7 2 8 2 9 2 126 174 42 56 174 185 223 295
4 3 6 3 9 3 140 234 234 291 295 303
1 3 5 3 7 3 8 3 10 3 174 253 286 288 265 286 253 265 288 307
2 3 3 3 167 259 262 297

Objective:  0.918841 174 9
2 1 3 1 4 1 8 1 9 1 85 131 0 20 20 85 210 268 131 210
1 1 5 1 6 1 7 1 10 1 0 23 30 114 187 243 23 30 114 187
1 2 3 2 5 2 7 2 9 2 23 106 172 204 133 172 106 133 210 270
2 2 4 2 6 2 8 2 10 2 158 181 85 158 243 265 268 288 187 204
3 3 204 295
1 3 5 3 268 339 172 268
2 3 9 3 181 269 270 343
6 3 10 3 292 310 204 292
4 3 7 3 8 3 158 233 233 287 288 302

Objective:  0.413857 18 8
1 1 2 1 3 1 4 1 5 1 6 1 7 1 8 1 9 1 10 1 97 104 0 88 327 397 88 97 104 108 224 272 136 224 108 136 272 297 297 327
4 2 5 2 7 2 10 2 319 414 108 123 224 319 414 513
1 2 2 2 3 2 6 2 8 2 9 2 429 488 420 429 488 586 389 420 136 176 297 389
3 3 4 3 6 3 10 3 586 632 487 488 420 487 513 551
1 3 2 3 5 3 7 3 8 3 9 3 599 688 429 450 557 599 319 407 501 557 450 501
2 4 5 4 9 4 643 740 599 643 740 744
1 4 4 4 7 4 10 4 690 723 723 747 623 690 551 623
3 4 6 4 8 4 632 709 709 781 557 623

Objective:  0.568627 20 11
2 1 4 1 6 1 10 1 88 184 0 7 184 249 7 88
1 1 3 1 5 1 7 1 8 1 9 1 208 271 24 57 71 169 169 208 0 24 57 71
2 2 4 2 9 2 184 277 7 68 71 95
1 2 3 2 5 2 8 2 271 274 57 98 169 265 98 132
6 2 7 2 10 2 250 335 208 250 88 143
4 3 5 3 10 3 68 160 265 357 160 238
1 3 2 3 3 3 9 3 274 275 277 339 275 277 95 178
6 3 7 3 8 3 335 356 250 314 132 207
2 4 4 4 10 4 339 373 373 388 238 328
1 4 5 4 7 4 9 4 275 319 357 426 342 354 319 342
3 4 6 4 8 4 277 334 356 386 334 345


Objective:  0.416667 0 9
2 1 3 1 7 1 8 1 9 1 144 164 47 82 0 47 82 144 164 252
1 1 4 1 5 1 6 1 10 1 221 274 46 76 76 164 0 46 164 221
1 2 2 2 3 2 5 2 7 2 8 2 280 353 204 205 82 87 164 204 87 159 205 280
4 2 6 2 9 2 10 2 106 171 46 106 282 322 221 282
1 3 4 3 8 3 9 3 10 3 359 418 171 180 280 347 347 359 418 487
2 3 3 3 5 3 6 3 7 3 384 411 411 488 204 292 106 126 292 384
2 4 6 4 8 4 411 468 468 522 522 533
1 4 5 4 9 4 494 566 456 494 359 456
3 4 4 4 7 4 10 4 513 523 462 476 384 462 487 513

Objective:  1.33525 1047 6
2 1 5 1 6 1 10 1 11 1 12 1 15 1 190 259 93 149 259 302 77 93 0 77 187 190 149 187
1 1 3 1 4 1 7 1 8 1 9 1 13 1 14 1 72 84 172 218 84 120 120 160 218 235 160 172 0 72 235 297
5 2 10 2 13 2 149 246 246 281 281 373
1 2 3 2 7 2 12 2 14 2 286 287 218 286 160 216 287 296 297 395
2 2 9 2 11 2 266 283 172 266 283 373
4 2 6 2 8 2 15 2 222 240 302 325 240 300 187 222

Objective:  1.22779 423 9
4 1 10 1 11 1 13 1 0 45 45 80 130 227 80 130
2 1 6 1 12 1 63 137 137 199 0 63
5 1 7 1 9 1 15 1 35 119 155 191 119 155 0 35
1 1 3 1 8 1 14 1 116 139 139 205 59 116 0 59
6 2 10 2 12 2 211 249 80 120 120 211
8 2 9 2 11 2 116 196 196 231 231 293
5 2 7 2 119 201 201 244
3 2 4 2 13 2 15 2 219 285 199 212 130 199 212 219
1 2 2 2 14 2 227 240 137 195 195 227

Objective:  0.811672 753 5
2 1 6 1 7 1 8 1 9 1 15 1 300 388 0 40 82 162 40 82 232 300 162 232
1 1 3 1 4 1 5 1 10 1 11 1 12 1 13 1 14 1 230 242 187 206 0 98 98 151 206 230 267 281 242 267 151 187 281 359
2 2 3 2 4 2 6 2 13 2 15 2 437 471 471 500 435 437 399 435 322 399 232 322
1 2 7 2 8 2 10 2 397 460 319 397 460 485 230 319
5 2 9 2 11 2 12 2 14 2 416 443 344 415 281 344 443 534 415 416

Objective:  0.928771 228 10
1 1 3 1 6 1 8 1 13 1 15 1 39 53 0 39 158 186 129 158 186 219 53 129
4 1 7 1 9 1 11 1 12 1 209 281 127 209 95 127 13 95 0 13
2 1 5 1 10 1 14 1 70 133 15 70 0 15 133 210
1 2 2 2 9 2 11 2 13 2 14 2 15 2 53 128 300 336 336 369 128 224 369 412 256 300 224 256
3 2 4 2 5 2 6 2 7 2 8 2 10 2 12 2 39 129 281 325 325 339 227 237 339 390 162 208 129 162 208 227
5 3 9 3 12 3 339 379 379 413 413 473
2 3 10 3 13 3 336 403 403 423 423 468
1 3 14 3 15 3 449 457 300 360 360 449
6 3 7 3 8 3 11 3 237 323 401 412 323 401 412 465
3 3 4 3 383 453 325 383

Objective:  0.771175 128 8
2 1 3 1 5 1 7 1 12 1 13 1 15 1 339 358 0 55 55 112 112 201 201 254 254 301 301 339
1 1 4 1 6 1 8 1 9 1 10 1 11 1 14 1 0 95 343 391 230 267 95 153 212 230 153 212 268 343 267 268
1 2 2 2 3 2 5 2 7 2 14 2 392 481 358 392 548 625 112 191 481 503 503 548
4 2 6 2 8 2 9 2 10 2 11 2 12 2 13 2 15 2 497 521 344 356 496 497 521 522 356 432 432 442 254 344 442 496 522 596
1 3 2 3 3 3 5 3 9 3 481 575 575 588 631 686 592 631 588 592
4 3 7 3 11 3 584 680 503 551 551 584
6 3 8 3 10 3 14 3 526 561 561 605 432 526 605 694
12 3 13 3 15 3 571 632 496 571 632 710

Objective:  0.240579 115 5
1 1 2 1 3 1 4 1 5 1 6 1 7 1 8 1 9 1 10 1 11 1 12 1 13 1 14 1 15 1 214 238 125 179 29 125 405 448 268 286 322 323 238 268 323 368 377 392 179 214 448 466 392 405 0 29 286 322 368 377
1 2 2 2 3 2 6 2 7 2 8 2 9 2 10 2 14 2 238 313 313 383 628 643 383 405 405 478 478 557 643 667 557 577 577 628
4 2 5 2 11 2 12 2 13 2 15 2 605 704 464 480 559 605 405 464 480 551 551 559
1 3 3 3 8 3 9 3 11 3 14 3 628 705 806 896 557 628 705 725 725 763 763 806
2 3 4 3 5 3 6 3 7 3 10 3 12 3 13 3 15 3 770 788 800 829 648 719 719 770 829 834 577 648 793 800 834 885 788 793

Objective:  0.701904 58 10
4 1 6 1 7 1 8 1 10 1 11 1 13 1 14 1 0 30 30 48 48 73 220 266 73 92 92 142 142 220 266 365
1 1 2 1 3 1 5 1 9 1 12 1 15 1 229 285 1 17 206 229 0 1 80 125 17 80 125 206
1 2 2 2 6 2 7 2 9 2 10 2 12 2 14 2 285 300 167 246 246 263 73 102 300 344 344 364 102 167 365 446
3 2 4 2 5 2 8 2 11 2 13 2 15 2 262 274 223 256 1 100 274 371 142 209 256 262 209 223
3 3 4 3 6 3 7 3 12 3 13 3 14 3 371 375 256 281 281 371 102 147 167 236 375 413 446 509
1 3 2 3 5 3 8 3 9 3 10 3 11 3 15 3 406 440 246 326 100 188 440 465 465 469 469 487 326 406 223 246
5 4 9 4 11 4 12 4 614 670 469 548 572 614 548 572
8 4 10 4 559 647 487 559
3 4 6 4 13 4 14 4 15 4 611 621 478 561 413 478 561 611 621 623
1 4 2 4 4 4 7 4 440 539 605 664 566 605 539 566

Objective:  0.466667 0 11
2 1 3 1 4 1 6 1 7 1 8 1 11 1 12 1 14 1 146 215 215 256 17 35 0 17 91 146 256 320 320 357 35 91 357 415
1 1 5 1 9 1 10 1 13 1 15 1 80 150 297 372 169 239 0 80 239 297 150 169
1 2 2 2 3 2 6 2 10 2 12 2 13 2 14 2 150 190 215 278 278 375 17 73 427 478 375 427 478 493 493 559
4 2 5 2 7 2 8 2 9 2 11 2 15 2 35 93 379 395 146 193 482 537 395 482 357 379 193 239
1 3 2 3 4 3 7 3 9 3 12 3 276 369 369 436 93 190 193 276 509 587 436 509
3 3 5 3 14 3 471 494 395 471 559 577
6 3 8 3 10 3 11 3 13 3 15 3 504 520 537 564 564 638 379 472 520 525 472 504
2 4 3 4 9 4 14 4 678 699 494 592 592 678 699 708
1 4 4 4 5 4 12 4 608 657 657 692 692 701 509 608
8 4 10 4 11 4 564 657 657 688 688 703
6 4 7 4 13 4 15 4 678 703 586 666 666 678 504 586

Objective:  0.359398 530 6
1 1 2 1 3 1 4 1 5 1 6 1 7 1 8 1 9 1 10 1 11 1 12 1 13 1 14 1 15 1 491 565 565 648 648 667 0 37 427 432 37 40 299 348 40 54 152 240 432 491 426 427 240 299 82 152 54 82 348 426
1 2 2 2 3 2 4 2 5 2 6 2 7 2 8 2 9 2 10 2 11 2 12 2 13 2 14 2 15 2 743 764 993 1053 689 743 203 256 432 449 633 689 893 931 541 633 449 541 931 993 879 893 764 783 152 203 783 854 854 879
3 3 4 3 6 3 8 3 9 3 12 3 15 3 743 775 1067 1157 870 883 956 1023 1023 1067 783 870 883 956
1 3 2 3 5 3 7 3 10 3 11 3 13 3 14 3 939 1002 1152 1218 1093 1152 1066 1093 1029 1048 1048 1066 1002 1029 854 939
1 4 3 4 4 4 7 4 9 4 13 4 14 4 1002 1095 1315 1375 1296 1315 1220 1257 1095 1179 1179 1220 1257 1296
2 4 5 4 6 4 8 4 10 4 11 4 12 4 15 4 1232 1307 1192 1232 1118 1120 1023 1070 1120 1192 1070 1118 1326 1340 1307 1326
