Objective:  1.61852 220 5
2 1 3 1 4 1 5 1 34 44 0 2 2 34 44 99 
1 1 0 84 
3 2 5 2 2 97 99 117 
1 2 4 2 102 120 34 82 
2 2 44 117 

Objective:  0.806716 109 4
3 1 4 1 5 1 0 23 23 113 113 151 
1 1 2 1 0 97 97 117 
2 2 3 2 4 2 148 176 23 107 132 148 
1 2 5 2 97 153 153 163 

Objective:  0.913873 174 4
2 1 3 1 5 1 18 110 110 111 0 18 
1 1 4 1 0 82 82 161 
2 2 3 2 5 2 110 146 146 165 18 64 
1 2 4 2 82 148 161 204 

Objective:  1.18821 332 4
1 1 2 1 3 1 4 1 5 1 128 129 0 74 78 128 129 190 74 78 
1 2 2 2 4 2 141 174 74 141 190 243 
3 2 5 2 139 209 78 139 
1 3 2 3 3 3 4 3 5 3 204 233 199 204 233 267 267 323 139 199 

Objective:  1.71588 330 8
1 1 2 1 59 96 0 59 
3 1 4 1 5 1 67 159 63 67 0 63 
2 2 3 2 59 122 159 188 
5 2 63 153 
4 2 67 140 
1 2 96 190 
1 3 2 3 3 3 5 3 198 230 122 177 193 198 177 193 
4 3 140 202 

Objective:  0.515267 4 8
2 1 4 1 5 1 34 59 0 34 59 158 
1 1 3 1 0 84 84 115 
1 2 4 2 113 203 34 113 
2 2 3 2 5 2 59 137 137 168 168 172 
4 3 113 209 
2 3 137 218 
1 3 3 3 205 210 168 205 
5 3 172 216 

Objective:  0.998996 145 9
1 1 3 1 0 90 90 108 
2 1 4 1 5 1 87 93 49 87 0 49 
2 2 5 2 113 200 49 113 
4 2 87 141 
1 2 3 2 90 124 124 195 
2 3 5 3 200 257 113 166 
1 3 3 3 4 3 124 141 195 239 141 163 
1 4 3 4 5 4 141 207 239 293 207 226 
2 4 4 4 257 305 163 255 

Objective:  1.50532 846 5
1 1 2 1 3 1 4 1 5 1 69 76 203 300 0 69 124 203 76 124 
1 2 2 2 3 2 4 2 5 2 123 189 300 331 69 123 203 272 189 196 
2 3 3 3 5 3 331 394 123 149 196 282 
1 3 4 3 189 265 272 370 
1 4 2 4 3 4 4 4 5 4 521 606 683 780 149 245 634 683 606 634 

 
Objective:  1.06633 314 6
1 1 2 1 3 1 4 1 5 1 154 226 0 47 114 151 47 114 151 154 
1 2 2 2 3 2 235 324 47 129 151 235 
4 2 5 2 114 168 168 267 
1 3 2 3 3 3 4 3 5 3 354 377 129 205 281 350 205 281 350 354 
2 4 3 4 5 4 205 279 428 430 354 386 
1 4 4 4 377 390 281 371 

Objective:  1.55215 317 9
2 1 6 1 0 99 99 109 
1 1 3 1 4 1 5 1 40 68 69 157 0 40 68 69 
7 1 8 1 0 46 46 111 
3 2 4 2 8 2 157 217 40 107 111 126 
7 2 46 130 
1 2 68 166 
5 2 69 133 
2 2 99 147 
6 2 109 141 

Objective:  1.48519 532 5
1 1 3 1 4 1 119 162 48 119 0 48 
2 1 5 1 6 1 7 1 8 1 138 168 98 138 15 82 0 15 82 98 
1 2 7 2 8 2 169 199 15 56 98 169 
3 2 4 2 142 191 48 142 
2 2 5 2 6 2 186 257 148 186 82 148 

Objective:  1.10211 458 4
2 1 5 1 6 1 7 1 0 33 83 174 69 83 33 69 
1 1 3 1 4 1 8 1 0 49 109 154 75 109 49 75 
2 2 3 2 6 2 7 2 33 63 202 221 175 202 112 175 
1 2 4 2 5 2 8 2 49 102 138 178 178 194 102 138 

Objective:  1.39218 831 6
4 1 6 1 7 1 8 1 0 16 176 230 113 176 16 113 
1 1 2 1 3 1 5 1 156 197 60 113 0 60 113 156 
2 2 4 2 7 2 113 131 16 39 176 240 
1 2 3 2 5 2 6 2 8 2 215 219 60 116 156 215 230 272 116 121 
2 3 4 3 6 3 8 3 490 580 39 118 580 587 404 490 
1 3 3 3 5 3 7 3 506 544 116 211 487 506 544 580 

Objective:  1.28008 278 10
2 1 4 1 6 1 7 1 0 91 101 136 136 180 91 101 
1 1 3 1 5 1 8 1 143 154 84 143 0 84 154 165 
3 2 5 2 6 2 143 175 84 105 180 204 
2 2 8 2 91 160 165 185 
1 2 7 2 154 190 101 148 
4 2 136 176 
4 3 5 3 176 220 105 155 
1 3 7 3 212 221 148 212 
2 3 160 228 
3 3 6 3 8 3 175 202 219 220 202 219 

Objective:  1.7359 1271 4
1 1 2 1 3 1 4 1 5 1 6 1 7 1 8 1 212 230 158 212 387 400 324 387 47 142 142 158 0 47 230 324 
1 2 2 2 3 2 4 2 5 2 6 2 7 2 8 2 319 324 274 319 434 526 405 434 142 228 228 274 47 79 324 405 
1 3 3 3 6 3 7 3 8 3 367 419 526 579 298 367 79 113 405 408 
2 3 4 3 5 3 319 407 434 455 228 267 

Objective:  1.15108 501 6
1 1 2 1 3 1 4 1 5 1 6 1 7 1 8 1 215 219 251 262 0 55 219 251 55 142 142 197 197 215 262 341 
3 2 4 2 6 2 7 2 8 2 55 89 283 328 197 218 218 283 341 408 
1 2 2 2 5 2 238 308 308 361 142 238 
1 3 2 3 3 3 4 3 5 3 326 342 361 416 89 185 342 348 238 326 
6 3 7 3 8 3 218 253 283 373 408 447 
1 4 2 4 3 4 4 4 5 4 6 4 7 4 8 4 348 360 417 427 185 224 360 375 326 348 341 402 375 395 448 509 

Objective:  1.3785 470 11
1 1 2 1 5 1 7 1 0 86 142 218 132 142 86 132 
3 1 4 1 6 1 8 1 0 55 171 191 55 147 147 171 
2 2 3 2 5 2 230 329 55 150 150 230 
1 2 6 2 8 2 86 164 164 192 192 250 
4 2 7 2 213 245 132 213 
2 3 3 3 4 3 7 3 329 371 150 238 258 310 238 258 
1 3 5 3 164 254 254 338 
6 3 8 3 192 276 276 337 
2 4 3 4 6 4 377 409 238 303 303 377 
1 4 4 4 5 4 254 341 341 366 366 401 
7 4 8 4 258 349 349 415 

Objective:  3.05396 2689 7
1 1 6 1 7 1 8 1 101 173 79 101 173 237 0 79 
2 1 3 1 4 1 5 1 163 214 214 247 72 163 0 72 
1 2 2 2 3 2 4 2 5 2 6 2 7 2 8 2 263 271 271 345 388 436 220 263 72 115 175 220 345 388 115 175 
1 3 3 3 5 3 6 3 316 374 436 494 115 145 220 316 
2 3 4 3 7 3 8 3 353 354 263 353 388 430 175 214 
2 4 5 4 6 4 7 4 588 685 145 211 549 588 685 766 
1 4 3 4 4 4 8 4 597 679 679 703 525 597 214 252 

 
Objective:  1.32198 531 6
1 1 6 1 7 1 9 1 63 124 50 63 0 50 124 131 
3 1 4 1 5 1 8 1 108 163 0 70 70 87 87 108 
2 1 10 1 0 98 98 168 
3 2 5 2 7 2 8 2 194 196 115 156 50 75 156 194 
1 2 6 2 144 189 63 144 
2 2 4 2 9 2 10 2 125 188 70 94 188 194 168 188 

Objective:  1.31386 679 4
4 1 8 1 9 1 122 215 55 122 0 55 
1 1 2 1 3 1 5 1 6 1 7 1 10 1 152 165 0 74 165 181 111 152 181 210 74 111 210 289 
4 2 5 2 8 2 9 2 10 2 212 251 166 212 112 166 55 88 290 370 
1 2 2 2 3 2 6 2 7 2 187 190 74 78 190 227 227 299 120 187 

Objective:  1.27741 2132 2
1 1 2 1 3 1 4 1 5 1 6 1 7 1 8 1 9 1 10 1 353 391 180 240 270 309 459 498 391 459 309 353 240 270 0 60 104 180 60 104 
1 2 2 2 3 2 4 2 5 2 6 2 7 2 8 2 9 2 10 2 442 494 263 343 411 415 541 586 494 541 415 442 343 411 60 100 188 263 105 188 

Objective:  1.38839 746 9
2 1 4 1 6 1 7 1 8 1 10 1 49 140 254 312 205 254 0 49 180 205 140 180 
1 1 3 1 5 1 9 1 159 211 63 159 211 288 0 63 
1 2 5 2 7 2 10 2 235 260 288 304 49 143 180 235 
3 2 4 2 6 2 9 2 159 239 312 345 254 271 63 89 
2 2 8 2 140 232 232 301 
3 3 8 3 9 3 260 335 335 384 89 134 
1 3 4 3 7 3 260 354 354 379 143 227 
2 3 6 3 232 305 305 404 
5 3 10 3 328 362 235 328 

Objective:  0.838216 365 7
3 1 5 1 9 1 0 70 167 236 70 167 
1 1 2 1 6 1 7 1 46 130 0 46 172 255 130 172 
4 1 8 1 10 1 0 87 87 144 144 229 
1 2 2 2 4 2 7 2 10 2 163 211 46 110 110 163 211 225 229 274 
3 2 5 2 6 2 8 2 9 2 70 165 248 258 258 301 165 176 176 248 
1 3 2 3 3 3 8 3 249 328 110 202 202 237 237 249 
4 3 5 3 6 3 7 3 9 3 10 3 163 257 286 288 307 364 257 278 278 286 288 307 

Objective:  1.07005 355 8
1 1 3 1 5 1 8 1 10 1 73 96 96 116 116 200 200 258 0 73 
2 1 4 1 6 1 7 1 9 1 65 111 0 65 197 253 190 197 111 190 
2 2 3 2 4 2 5 2 7 2 8 2 138 161 161 193 65 138 224 263 197 224 263 283 
1 2 6 2 9 2 10 2 96 179 253 275 190 250 73 90 
3 3 8 3 10 3 200 291 291 305 90 178 
4 3 6 3 7 3 138 213 282 300 228 282 
2 3 9 3 161 249 250 323 
1 3 5 3 179 250 263 359 

Objective:  2.05889 2025 9
1 1 3 1 4 1 6 1 8 1 9 1 10 1 140 147 147 217 106 115 0 48 48 76 115 140 76 106 
2 1 5 1 7 1 92 180 88 92 0 88 
1 2 5 2 6 2 10 2 206 265 92 107 48 79 107 206 
2 2 3 2 4 2 8 2 211 220 220 318 116 211 76 116 
7 2 9 2 88 183 183 275 
1 3 2 3 4 3 6 3 8 3 10 3 266 355 245 266 244 245 79 146 146 202 206 244 
3 3 5 3 7 3 9 3 326 372 107 149 183 271 275 326 
1 4 6 4 7 4 9 4 10 4 690 723 146 218 619 686 686 690 547 619 
2 4 3 4 4 4 5 4 8 4 649 746 746 823 625 649 149 193 559 625 

 
Objective:  0.968326 387 9
1 1 2 1 5 1 9 1 110 173 0 96 173 271 96 110 
3 1 4 1 6 1 7 1 8 1 10 1 81 114 177 184 184 249 138 177 114 138 0 81 
1 2 3 2 6 2 7 2 9 2 10 2 201 204 160 201 249 334 204 246 136 160 81 136 
2 2 4 2 5 2 8 2 96 189 223 284 284 380 189 223 
1 3 3 3 6 3 8 3 10 3 216 217 214 216 334 355 223 298 136 214 
5 3 7 3 9 3 380 472 246 310 160 243 
2 3 4 3 189 251 284 376 
5 4 6 4 7 4 8 4 9 4 10 4 472 541 355 385 338 350 327 338 304 327 214 304 
1 4 2 4 3 4 4 4 273 317 317 351 216 273 376 391 

 
Objective:  1.80179 1266 9
1 1 8 1 9 1 10 1 207 260 0 62 119 207 62 119 
2 1 3 1 4 1 5 1 6 1 7 1 246 266 211 246 47 77 77 165 165 211 0 47 
2 2 4 2 5 2 6 2 7 2 284 285 119 184 184 224 224 284 47 119 
1 2 3 2 8 2 9 2 10 2 260 333 247 252 62 137 207 247 137 198 
3 3 7 3 9 3 259 336 119 211 247 259 
1 3 5 3 8 3 333 392 224 312 137 204 
2 3 4 3 6 3 10 3 304 331 184 193 284 304 198 267 
2 4 4 4 6 4 7 4 10 4 557 614 193 207 503 557 399 477 477 503 
1 4 3 4 5 4 8 4 9 4 500 572 490 500 452 490 204 215 355 452 

Objective:  1.44955 1226 6
2 1 6 1 7 1 10 1 11 1 14 1 179 248 264 307 139 179 248 264 62 139 0 62 
1 1 3 1 4 1 5 1 8 1 9 1 12 1 13 1 15 1 277 289 195 241 241 277 38 94 178 195 166 178 289 292 94 166 0 38 
2 2 4 2 6 2 13 2 15 2 270 287 277 295 307 330 178 270 38 73 
9 2 10 2 14 2 178 272 272 307 62 160 
3 2 5 2 7 2 247 315 94 191 191 247 
1 2 8 2 11 2 12 2 289 290 229 289 139 229 292 301 

Objective:  1.52575 1080 7
2 1 4 1 7 1 8 1 11 1 0 74 131 176 176 212 74 131 212 309 
1 1 9 1 12 1 13 1 14 1 208 231 172 208 50 113 0 50 113 172 
3 1 5 1 6 1 10 1 15 1 216 282 35 119 119 181 0 35 181 216 
1 2 4 2 5 2 10 2 15 2 231 244 201 214 119 201 35 75 216 223 
7 2 8 2 13 2 212 255 131 211 50 119 
2 2 9 2 11 2 14 2 74 132 208 243 309 371 172 204 
3 2 6 2 12 2 282 348 204 242 113 204 

Objective:  1.45999 2722 4
2 1 4 1 8 1 9 1 14 1 0 88 88 186 186 228 306 374 228 306 
1 1 3 1 5 1 6 1 7 1 10 1 11 1 12 1 13 1 15 1 174 186 186 205 320 373 219 259 94 174 0 24 205 219 295 320 259 295 24 94 
1 2 5 2 9 2 10 2 11 2 13 2 15 2 203 266 406 433 433 504 24 113 266 329 329 406 113 203 
2 2 3 2 4 2 6 2 7 2 8 2 12 2 14 2 88 122 417 446 415 417 471 507 337 415 446 471 508 599 507 508 

Objective:  2.2312 2698 7
1 1 2 1 4 1 7 1 9 1 10 1 14 1 341 355 263 326 191 263 0 82 159 191 326 341 82 159 
3 1 5 1 6 1 8 1 11 1 12 1 13 1 15 1 110 149 300 355 0 28 271 300 28 110 149 162 238 271 162 238 
1 2 4 2 6 2 8 2 9 2 11 2 14 2 373 448 283 327 28 38 327 373 250 283 110 206 206 250 
2 2 3 2 5 2 7 2 10 2 12 2 13 2 15 2 333 369 149 239 402 416 82 133 369 402 239 258 290 333 258 290 
3 3 6 3 8 3 9 3 13 3 324 394 38 124 473 551 394 428 428 473 
5 3 7 3 10 3 14 3 15 3 422 462 133 144 402 422 354 414 414 503 
1 3 2 3 4 3 11 3 12 3 456 464 389 456 331 389 206 259 259 319 

Objective:  1.84832 2873 7
5 1 7 1 8 1 11 1 12 1 13 1 14 1 0 57 157 246 322 380 246 321 104 157 57 104 321 322 
1 1 2 1 3 1 4 1 6 1 9 1 10 1 15 1 59 154 239 258 314 369 154 202 202 239 296 314 0 59 258 296 
1 2 2 2 4 2 5 2 6 2 8 2 9 2 11 2 14 2 154 243 279 313 243 267 57 136 267 279 380 381 314 315 321 331 331 376 
3 2 7 2 10 2 12 2 13 2 15 2 375 452 279 301 59 135 189 279 135 189 301 375 
2 3 3 3 4 3 8 3 10 3 11 3 579 592 669 724 483 579 625 669 135 229 592 625 
1 3 5 3 7 3 14 3 480 574 136 175 574 622 622 711 
6 3 9 3 12 3 13 3 15 3 529 564 625 629 564 625 189 264 629 707 

Objective:  0.972548 1906 6
2 1 3 1 4 1 11 1 13 1 0 54 115 211 54 97 97 115 211 240 
1 1 5 1 6 1 7 1 8 1 9 1 10 1 12 1 14 1 15 1 45 69 104 122 195 196 196 226 0 45 171 186 69 104 158 171 122 158 186 195 
4 2 5 2 6 2 8 2 9 2 13 2 14 2 15 2 124 223 223 239 322 344 45 124 290 314 344 415 239 290 314 322 
1 2 2 2 3 2 7 2 10 2 11 2 12 2 124 199 54 124 324 339 339 412 199 219 219 265 265 324 
1 3 2 3 3 3 4 3 11 3 14 3 626 703 124 142 813 903 703 732 732 770 770 813 
5 3 6 3 7 3 8 3 9 3 10 3 12 3 13 3 15 3 688 759 791 842 842 847 124 195 759 779 617 688 784 791 847 898 779 784 

Objective:  1.70204 2070 8
1 1 2 1 3 1 4 1 5 1 6 1 7 1 8 1 9 1 10 1 11 1 12 1 13 1 14 1 15 1 594 650 369 385 571 594 460 490 240 241 241 259 385 410 323 369 259 304 304 323 410 460 78 141 0 78 141 240 490 571 
1 2 2 2 4 2 6 2 7 2 9 2 13 2 14 2 15 2 650 665 385 464 493 526 321 338 464 493 338 382 78 84 240 321 571 585 
3 2 5 2 8 2 10 2 11 2 12 2 594 606 241 340 369 466 340 360 466 533 141 206 
1 3 3 3 4 3 5 3 7 3 8 3 13 3 14 3 15 3 665 699 608 612 542 567 384 472 497 542 472 497 84 122 321 384 585 608 
2 3 6 3 9 3 10 3 11 3 12 3 464 544 338 428 446 450 428 446 544 624 206 275 
2 4 5 4 6 4 13 4 609 668 553 609 470 553 122 187 
8 4 10 4 11 4 12 4 15 4 572 660 500 572 624 666 275 299 608 610 
1 4 3 4 4 4 7 4 9 4 14 4 699 798 612 622 569 608 542 569 527 606 384 434 

Objective:  1.14926 1516 9
1 1 3 1 4 1 5 1 10 1 11 1 12 1 15 1 115 185 0 41 97 115 265 340 185 265 359 396 41 97 340 359 
2 1 6 1 7 1 8 1 9 1 13 1 14 1 142 211 70 87 87 142 327 391 0 70 269 327 211 269 
1 2 3 2 4 2 5 2 6 2 10 2 11 2 13 2 15 2 252 292 41 138 194 252 358 374 138 194 292 343 420 442 343 358 374 420 
2 2 7 2 8 2 9 2 12 2 14 2 256 319 209 256 391 446 70 157 157 209 319 385 
1 3 3 3 5 3 12 3 13 3 292 385 138 161 390 466 209 282 385 390 
2 3 7 3 9 3 11 3 14 3 339 406 256 339 157 235 442 535 406 424 
4 3 6 3 8 3 10 3 15 3 252 349 194 210 455 482 349 423 423 455 
1 4 3 4 4 4 11 4 12 4 14 4 15 4 643 692 161 259 608 643 783 798 509 608 692 701 701 783 
2 4 5 4 6 4 7 4 8 4 9 4 10 4 13 4 668 689 720 729 210 235 576 656 729 822 235 321 689 720 656 668 

Objective:  1.75068 4491 8
4 1 5 1 6 1 8 1 9 1 10 1 14 1 15 1 0 37 201 206 198 201 37 51 110 198 51 110 206 234 234 312 
1 1 2 1 3 1 7 1 11 1 12 1 13 1 83 157 0 83 266 285 217 266 157 158 158 217 285 355 
1 2 2 2 4 2 9 2 11 2 13 2 14 2 15 2 157 178 90 150 37 90 198 290 178 192 386 437 290 361 361 386 
3 2 5 2 6 2 7 2 8 2 10 2 12 2 335 389 261 278 205 261 297 335 51 143 143 205 278 297 
2 3 3 3 4 3 5 3 7 3 10 3 11 3 13 3 14 3 180 246 454 486 90 180 283 342 342 369 264 283 246 264 486 513 369 454 
1 3 6 3 8 3 9 3 12 3 15 3 210 273 273 286 143 210 290 334 334 421 421 494 
2 4 3 4 4 4 6 4 9 4 10 4 12 4 1087 1162 1334 1394 180 199 1234 1236 1236 1320 1162 1234 1320 1334 
1 4 5 4 7 4 8 4 11 4 13 4 14 4 15 4 1092 1185 1185 1225 1225 1262 210 257 1044 1092 1320 1361 1262 1301 1301 1320 
