Objective: 0.6 0 5
1 1 2 1 3 1 18 102 2 12 0 2
4 1 5 1 0 32 32 87
1 2 3 2 102 120 5 100
4 2 5 2 60 108 116 134
2 2 54 127

Objective: 0.717164 85 4
1 1 5 1 0 97 97 135
2 1 3 1 4 1 128 148 0 23 38 128
2 2 3 2 4 2 148 176 47 131 132 148
1 2 5 2 97 153 153 163

Objective: 0.70294 76 5
2 1 3 1 5 1 18 110 110 111 0 18
1 1 4 1 0 82 82 161
3 2 5 2 142 161 96 142
1 2 82 148
2 2 4 2 110 146 161 204

Objective: 0.480513 102 4
1 1 2 1 3 1 4 1 5 1 0 1 21 95 95 145 171 232 1 5
1 2 2 2 3 2 4 2 5 2 1 34 95 162 162 232 232 285 34 95
2 3 3 3 4 3 233 238 238 272 285 341
1 3 5 3 195 224 227 287

Objective: 0.349081 4 7
2 1 5 1 0 59 59 122
1 1 3 1 4 1 57 94 102 194 1 5
2 2 5 2 59 122 122 212
1 2 3 2 4 2 94 188 194 223 5 78
2 3 140 195
4 3 5 3 147 209 212 228
1 3 3 3 188 220 223 228

Objective: 0.4 0 7
2 1 3 1 5 1 0 25 125 156 25 124
1 1 4 1 52 136 0 34
1 2 2 2 5 2 136 226 25 103 124 128
3 2 4 2 156 187 34 113
4 3 140 236
2 3 122 203
1 3 3 3 5 3 226 231 187 224 143 187

Objective: 0.5 0 10
1 1 2 1 3 1 72 162 0 6 6 24
4 1 5 1 49 87 0 49
3 2 5 2 114 185 49 113
1 2 2 2 4 2 162 196 7 94 108 162
1 3 4 3 5 3 196 213 169 191 114 167
2 3 3 3 128 185 185 229
2 4 5 4 247 295 228 247
4 4 191 283
3 4 229 283
1 4 213 279

Objective: 0.183056 50 5
1 1 2 1 3 1 4 1 5 1 0 7 7 104 231 300 152 231 104 152
1 2 2 2 3 2 4 2 5 2 7 73 354 385 300 354 231 300 152 159
1 3 2 3 3 3 4 3 5 3 73 149 385 448 354 380 448 546 546 632
2 4 3 4 603 700 507 603
1 4 4 4 5 4 521 606 660 709 632 660

Objective: 0.181818 0 6
1 1 2 1 3 1 4 1 5 1 160 232 9 56 56 93 93 160 0 3
3 2 4 2 5 2 269 353 181 235 3 102
1 2 2 2 232 321 77 159
1 3 2 3 3 3 4 3 5 3 321 344 159 235 353 422 235 311 102 106
1 4 2 4 3 4 5 4 367 380 260 334 422 424 334 366
4 4 311 401

Objective: 1.38333 217 10
4 1 5 1 8 1 2 42 0 1 44 109
2 1 0 99
6 1 7 1 80 90 0 46
1 1 3 1 5 33 34 122
2 2 99 147
1 2 33 131
7 2 46 130
3 2 6 2 122 182 90 122
5 2 63 127
4 2 8 2 42 109 109 124

Objective: 0.9 126 6
1 1 3 1 4 1 119 162 48 119 0 48
2 1 5 1 6 1 7 1 8 1 124 154 84 124 16 83 154 169 0 16
1 2 6 2 162 192 92 158
2 2 4 2 179 250 85 179
5 2 8 2 152 190 81 152
3 2 7 2 120 169 169 210

Objective: 0.478482 28 5
1 1 2 1 3 1 8 1 59 108 0 33 151 196 33 59
4 1 5 1 6 1 7 1 55 89 89 180 40 54 4 40
1 2 8 2 110 163 163 199
3 2 5 2 7 2 196 215 180 196 112 175
2 2 4 2 6 2 187 217 120 160 160 187

Objective: 0.26673 70 4
1 1 2 1 3 1 4 1 5 1 6 1 7 1 8 1 95 136 196 249 136 196 0 16 16 59 249 303 400 463 303 400
1 2 2 2 3 2 4 2 5 2 6 2 7 2 8 2 136 140 249 267 306 362 18 41 362 421 421 463 463 527 527 532
1 3 4 3 6 3 8 3 487 525 408 487 525 532 532 618
2 3 3 3 5 3 7 3 460 550 365 460 550 569 569 605

Objective: 0.562657 25 9
1 1 5 1 6 1 0 11 11 95 116 160
3 1 4 1 7 1 8 1 60 119 21 56 0 10 10 21
2 1 0 91
3 2 4 2 5 2 7 2 119 151 57 97 98 119 10 57
1 2 2 2 6 2 8 2 41 77 91 160 160 184 21 41
6 3 7 3 8 3 191 192 122 186 199 216
4 3 5 3 182 226 132 182
1 3 3 3 193 202 156 183
2 3 160 228

Objective: 0.265684 111 4
1 1 2 1 3 1 4 1 5 1 6 1 7 1 8 1 79 97 15 69 97 110 300 363 110 205 0 16 363 410 205 299
1 2 2 2 3 2 4 2 5 2 6 2 7 2 8 2 114 119 69 114 119 211 380 409 211 297 16 62 410 442 299 380
1 3 3 3 4 3 5 3 8 3 315 367 430 483 409 430 367 406 406 409
2 3 6 3 7 3 285 373 373 442 442 476

Objective: 0.636691 76 8
1 1 2 1 3 1 4 1 6 1 8 1 0 4 59 70 4 59 227 259 70 125 148 227
5 1 7 1 18 105 0 18
1 2 3 2 4 2 5 2 7 2 213 283 83 117 287 332 117 213 18 83
2 2 6 2 8 2 70 123 125 146 227 294
1 3 2 3 4 3 5 3 7 3 316 332 173 228 332 338 228 316 83 173
3 3 6 3 8 3 198 294 146 181 294 333
1 4 2 4 4 4 6 4 7 4 367 379 416 426 352 367 291 352 379 399
3 4 5 4 8 4 294 333 333 355 355 416

Objective: 0.571429 0 12
1 1 5 1 6 1 11 97 0 10 133 225
2 1 3 1 4 1 7 1 8 1 161 237 44 99 0 20 99 145 20 44
1 2 4 2 6 2 97 175 20 52 225 253
2 2 7 2 8 2 237 336 145 226 44 102
3 2 5 2 119 214 10 90
2 3 3 3 4 3 8 3 336 378 214 302 52 104 104 165
6 3 7 3 253 337 226 246
1 3 5 3 175 265 91 175
1 4 4 4 265 352 352 377
2 4 3 4 378 410 302 367
6 4 7 4 337 411 246 337
5 4 8 4 291 326 334 400

Objective: 0.166667 0 6
1 1 2 1 3 1 4 1 5 1 6 1 7 1 8 1 154 226 317 368 73 106 226 317 1 73 132 154 368 432 432 511
1 2 2 2 3 2 4 2 5 2 6 2 7 2 8 2 503 511 407 481 106 154 348 391 265 308 167 212 571 614 511 571
1 3 2 3 3 3 4 3 5 3 6 3 7 3 8 3 511 569 481 482 154 212 391 481 308 338 212 308 614 656 571 610
1 4 3 4 6 4 606 688 702 726 549 588
2 4 7 4 8 4 482 579 656 737 610 648
4 4 5 4 525 597 618 684

Objective: 0.67918 38 7
1 1 3 1 6 1 84 145 13 68 0 13
2 1 4 1 9 1 7 105 104 174 0 7
5 1 7 1 8 1 10 1 64 81 0 50 81 102 102 172
1 2 6 2 145 190 63 144
3 2 7 2 9 2 10 2 167 169 136 161 161 167 172 192
5 2 8 2 112 153 153 191
2 2 4 2 112 175 175 199

Objective: 0.998385 303 5
1 1 3 1 5 1 8 1 9 1 10 1 162 175 176 192 121 162 0 67 66 121 192 271
2 1 4 1 6 1 7 1 130 204 37 130 204 233 0 37
1 2 3 2 8 2 195 198 199 236 142 196
4 2 7 2 10 2 186 225 119 186 271 351
2 2 5 2 6 2 9 2 211 215 165 211 233 305 132 165

Objective: 0.845117 576 3
1 1 2 1 3 1 4 1 5 1 6 1 7 1 8 1 9 1 10 1 427 465 50 110 320 359 465 504 359 427 276 320 246 276 110 170 170 246 0 44
2 2 3 2 4 2 5 2 6 2 10 2 346 426 453 457 504 549 457 504 426 453 263 346
1 2 7 2 8 2 9 2 488 540 345 413 305 345 413 488

Objective: 0.579353 30 9
1 1 3 1 4 1 5 1 7 1 162 214 49 145 291 349 214 291 0 49
2 1 6 1 8 1 9 1 10 1 73 164 176 225 48 73 225 288 0 40
1 2 3 2 4 2 5 2 6 2 7 2 242 267 145 225 349 382 314 330 225 242 49 143
2 2 8 2 9 2 10 2 164 256 95 164 315 341 40 95
1 3 4 3 267 361 382 407
2 3 5 3 256 329 330 364
6 3 9 3 242 341 341 386
7 3 10 3 320 404 227 320
3 3 8 3 260 335 337 386

Objective: 0.407871 16 8
1 1 7 1 9 1 0 84 86 128 128 225
4 1 6 1 8 1 0 87 87 170 170 227
2 1 3 1 5 1 10 1 0 46 46 116 226 295 141 226
1 2 2 2 6 2 7 2 9 2 120 168 56 120 182 225 168 182 225 297
3 2 4 2 5 2 8 2 10 2 144 239 87 140 295 305 239 250 250 295
1 3 6 3 175 254 254 311
4 3 5 3 7 3 8 3 9 3 161 255 305 307 255 276 276 288 297 305
2 3 3 3 10 3 170 262 262 297 297 316

Objective: 0.884058 150 9
1 1 3 1 5 1 7 1 8 1 10 1 0 23 30 50 126 210 23 30 210 268 53 126
2 1 4 1 6 1 9 1 65 111 0 65 214 270 111 190
1 2 3 2 4 2 5 2 8 2 23 106 180 212 107 180 219 258 268 288
2 2 6 2 7 2 9 2 10 2 153 176 270 292 30 57 190 250 129 146
1 3 9 3 179 250 250 323
7 3 8 3 10 3 234 288 288 302 146 234
2 3 6 3 176 264 292 310
4 3 5 3 183 258 258 354
3 3 212 303

Objective: 0.204619 6 6
1 1 2 1 3 1 4 1 5 1 6 1 7 1 8 1 9 1 10 1 48 55 230 318 318 388 618 627 55 59 0 48 89 177 177 205 205 230 59 89
1 2 2 2 3 2 4 2 5 2 6 2 7 2 8 2 9 2 10 2 378 437 369 378 437 535 627 722 59 74 90 121 274 369 220 260 535 627 121 220
1 3 2 3 3 3 4 3 5 3 6 3 7 3 8 3 9 3 10 3 498 587 457 478 587 633 722 723 74 116 121 188 369 457 260 316 647 698 220 258
1 4 4 4 7 4 9 4 10 4 686 719 723 747 619 686 719 723 547 619
2 4 5 4 655 752 611 655
3 4 6 4 8 4 633 710 710 782 552 618

Objective: 0.420814 24 9
1 1 2 1 3 1 10 1 266 329 81 177 182 215 0 81
4 1 5 1 6 1 7 1 8 1 9 1 14 21 21 119 197 262 143 182 119 143 0 14
1 2 2 2 7 2 8 2 9 2 10 2 329 332 177 270 270 312 143 177 14 38 81 136
3 2 4 2 5 2 6 2 215 256 21 82 119 215 262 347
1 3 2 3 3 3 4 3 6 3 8 3 332 333 270 332 256 258 82 174 347 368 177 252
5 3 7 3 9 3 10 3 215 307 313 377 38 121 136 214
1 4 7 4 8 4 9 4 333 377 377 389 318 329 295 318
3 4 5 4 268 325 337 406
2 4 4 4 6 4 10 4 332 366 404 419 368 398 238 328

Objective: 0.346462 12 8
1 1 2 1 6 1 8 1 9 1 10 1 288 341 0 20 206 252 342 404 80 168 21 78
3 1 4 1 5 1 7 1 0 35 35 65 198 286 101 148
6 2 8 2 9 2 10 2 252 312 404 479 168 208 78 139
1 2 2 2 3 2 4 2 5 2 7 2 341 414 20 21 43 48 65 130 286 326 148 220
1 3 2 3 3 3 4 3 5 3 6 3 7 3 8 3 9 3 10 3 420 479 21 48 48 125 130 139 332 420 312 332 220 312 479 546 208 220 139 208
1 4 4 4 7 4 479 551 455 469 377 455
3 4 9 4 10 4 523 533 363 460 477 503
2 4 5 4 6 4 8 4 381 438 438 476 476 530 546 557

Objecttive: 1.27458 952 6
1 1 3 1 4 1 5 1 6 1 8 1 9 1 10 1 14 1 253 265 134 180 180 216 66 122 265 308 216 233 122 134 233 249 0 62
2 1 7 1 11 1 12 1 13 1 15 1 149 218 38 78 219 296 296 299 78 150 0 38
3 2 4 2 5 2 240 308 222 240 125 222
2 2 7 2 9 2 265 282 116 172 172 266
6 2 10 2 12 2 13 2 14 2 308 331 264 299 299 308 172 264 74 172
1 2 8 2 11 2 15 2 293 294 233 293 296 386 198 233

Objective: 1.13355 310 9
1 1 2 1 4 1 6 1 182 205 0 74 137 182 75 137 
7 1 8 1 9 1 14 1 0 36 36 93 93 129 129 188 
3 1 12 1 13 1 15 1 118 184 51 114 0 50 184 219 
5 1 10 1 11 1 0 84 84 119 119 216 
1 2 9 2 13 2 15 2 226 239 183 218 114 183 219 226 
10 2 12 2 205 245 114 205 
2 2 6 2 11 2 132 190 190 228 228 290 
3 2 5 2 14 2 228 294 114 196 196 228 
4 2 7 2 8 2 193 206 206 249 113 193 

Objective: 0.798427 721 5
1 1 4 1 8 1 9 1 10 1 11 1 14 1 0 12 380 478 158 200 12 80 215 239 267 281 80 158 
2 1 3 1 5 1 6 1 7 1 12 1 13 1 15 1 106 194 194 213 293 346 347 387 213 293 387 412 0 36 36 106 
1 2 7 2 8 2 14 2 15 2 395 458 317 395 458 483 483 484 227 317 
2 2 3 2 10 2 12 2 13 2 434 468 405 434 239 328 468 559 328 405 
4 2 5 2 6 2 9 2 11 2 478 480 415 442 442 478 344 415 281 344 


Objecttive: 0.783885 177 9
2 1 3 1 4 1 5 1 6 1 8 1 9 1 10 1 13 1 290 353 144 183 72 144 183 238 15 43 43 72 356 388 0 15 257 290
1 1 7 1 11 1 12 1 14 1 15 1 0 14 249 331 91 173 369 382 14 91 173 249
1 2 2 2 3 2 9 2 10 2 13 2 15 2 14 89 353 389 183 273 388 421 150 183 310 353 278 310
4 2 5 2 6 2 7 2 8 2 11 2 12 2 14 2 283 327 269 283 43 53 331 382 72 118 173 269 382 401 129 173
1 3 4 3 6 3 7 3 9 3 10 3 470 478 333 391 246 332 391 402 421 455 402 422
8 3 12 3 335 413 413 473
2 3 3 3 394 461 324 394
5 3 11 3 14 3 319 359 418 471 358 418
13 3 15 3 415 460 326 415

Objective: 0.754286 90 8
1 1 2 1 4 1 8 1 9 1 10 1 12 1 14 1 15 1 293 388 27 46 245 293 51 109 1 19 162 221 109 162 0 1 388 426 
3 1 5 1 6 1 7 1 11 1 13 1 415 470 252 309 89 126 0 89 126 201 205 252 
1 2 2 2 3 2 5 2 6 2 7 2 12 2 13 2 14 2 388 477 46 80 477 554 309 388 126 138 89 111 162 252 252 306 1 46 
4 2 8 2 9 2 10 2 11 2 15 2 297 321 109 110 45 46 221 297 545 555 426 500 
1 3 12 3 15 3 477 571 571 632 631 709 
2 3 8 3 13 3 14 3 581 594 537 581 462 537 594 683 
4 3 6 3 10 3 584 680 549 584 455 549 
3 3 5 3 7 3 9 3 11 3 631 686 588 627 507 555 627 631 555 588 


Objective: 0.140226 114 4
1 1 2 1 3 1 4 1 5 1 6 1 7 1 8 1 9 1 10 1 11 1 12 1 13 1 14 1 15 1 214 238 316 370 370 466 0 43 196 214 52 53 166 196 53 98 133 148 98 133 148 166 303 316 274 303 238 274 43 52 
1 2 2 2 3 2 4 2 5 2 6 2 7 2 8 2 9 2 10 2 11 2 12 2 13 2 14 2 15 2 517 592 592 662 792 807 83 182 214 230 53 75 355 428 276 355 190 214 497 517 230 276 662 721 721 792 446 497 75 83 
1 3 3 3 6 3 8 3 14 3 15 3 631 708 807 897 708 759 560 631 759 802 802 807 
2 3 4 3 5 3 7 3 9 3 10 3 11 3 12 3 13 3 772 790 797 826 643 714 826 831 714 734 572 643 734 772 790 797 834 885 


Objective: 0.647901 152 9
1 1 2 1 3 1 4 1 5 1 6 1 7 1 8 1 9 1 10 1 11 1 12 1 13 1 14 1 15 1 594 650 0 16 490 513 460 490 292 293 274 292 435 460 16 62 312 357 293 312 125 175 62 125 357 435 175 274 513 594 
1 2 3 2 5 2 8 2 9 2 10 2 15 2 650 665 531 543 401 500 62 159 357 401 312 332 594 608 
2 2 4 2 6 2 7 2 11 2 12 2 13 2 14 2 16 95 490 523 292 309 460 489 225 292 125 190 435 441 309 390 
1 3 4 3 6 3 8 3 11 3 12 3 14 3 15 3 665 699 547 572 309 399 165 190 462 542 190 259 399 462 608 631 
2 3 3 3 5 3 7 3 9 3 10 3 13 3 95 175 543 547 547 635 489 534 401 405 332 350 441 479 
1 4 5 4 7 4 9 4 11 4 15 4 699 798 635 691 534 561 455 534 572 614 632 634 
3 4 6 4 14 4 637 647 474 557 562 612 
2 4 4 4 12 4 13 4 611 670 572 611 548 572 483 548 
8 4 10 4 559 647 487 559 

Objecttive: 0.412379 642 5
5 1 6 1 7 1 9 1 11 1 12 1 13 1 15 1 312 387 276 293 151 206 206 276 0 37 37 93 93 151 293 312
1 1 2 1 3 1 4 1 8 1 10 1 14 1 18 88 88 157 326 367 0 18 215 279 372 452 157 215
2 2 3 2 5 2 6 2 9 2 11 2 12 2 13 2 166 229 367 464 577 593 521 577 276 363 37 59 99 151 151 166
1 2 4 2 7 2 8 2 10 2 14 2 15 2 88 128 18 76 206 253 279 334 452 503 380 446 334 380
1 3 3 3 5 3 7 3 9 3 12 3 14 3 492 585 464 487 667 743 285 368 368 446 151 224 446 464
2 3 4 3 6 3 8 3 10 3 11 3 13 3 15 3 361 428 76 173 577 593 334 361 503 577 593 686 173 178 471 503
4 4 12 4 13 4 608 643 509 608 667 679
7 4 9 4 589 669 503 589
6 4 8 4 15 4 701 726 595 688 513 595
1 4 2 4 3 4 5 4 10 4 11 4 14 4 585 634 665 686 487 585 743 752 634 665 686 701 701 710

Objective: 0.213383 377 5
1 1 2 1 3 1 4 1 5 1 6 1 7 1 8 1 9 1 10 1 11 1 12 1 13 1 14 1 15 1 590 664 910 993 1046 1065 154 191 9 14 14 17 501 550 408 422 320 408 191 250 0 1 17 76 250 320 473 501 76 154
1 2 2 2 3 2 5 2 6 2 7 2 8 2 9 2 10 2 11 2 12 2 13 2 14 2 15 2 664 685 993 1053 1065 1119 14 31 36 92 1200 1238 572 664 408 500 882 944 1 15 92 111 331 382 501 572 154 179
1 3 2 3 3 3 4 3 5 3 6 3 7 3 8 3 9 3 10 3 11 3 12 3 13 3 14 3 15 3 685 748 1053 1119 1119 1151 963 1053 33 92 92 105 1238 1265 748 815 815 859 944 963 15 33 1151 1238 382 409 859 944 409 482
4 4 5 4 7 4 9 4 10 4 12 4 13 4 14 4 1302 1321 1186 1226 1265 1302 989 1073 1073 1145 1321 1335 1145 1186 1226 1265
1 4 2 4 3 4 6 4 8 4 11 4 15 4 1075 1168 1236 1311 1311 1371 1168 1170 1189 1236 1027 1075 1170 1189

