Objective: 0.195568 470 4
1 1 2 1 3 1 4 1 5 1 6 1 7 1 8 1 9 1 10 1 11 1 12 1 13 1 14 1 15 1 16 1 17 1 18 1 19 1 20 1 115 127 370 432 469 497 679 746 27 38 0 27 70 90 127 168 819 870 60 70 746 819 590 679 38 60 326 370 255 326 168 250 497 590 90 103 103 115 432 469
1 2 2 2 3 2 4 2 5 2 6 2 7 2 8 2 9 2 10 2 11 2 12 2 13 2 14 2 15 2 16 2 17 2 18 2 19 2 20 2 371 439 549 554 1174 1267 861 870 554 590 658 689 90 179 368 371 870 947 997 1095 1095 1174 708 746 64 90 689 708 947 997 439 470 590 612 179 209 295 368 470 538
3 3 5 3 6 3 7 3 8 3 12 3 13 3 15 3 19 3 1267 1295 952 1033 1060 1066 861 952 1295 1330 1033 1060 1133 1186 1066 1133 1186 1267
1 3 2 3 4 3 9 3 10 3 11 3 14 3 16 3 17 3 18 3 20 3 1120 1179 919 950 1179 1199 1061 1070 1109 1120 1244 1328 1082 1109 1199 1244 1070 1082 1002 1061 950 1002

Objective: 0.566137 578 5
1 1 2 1 3 1 4 1 5 1 6 1 7 1 8 1 9 1 10 1 11 1 12 1 13 1 14 1 15 1 16 1 17 1 18 1 19 1 20 1 470 545 207 285 91 125 21 38 545 581 721 786 0 3 57 84 285 332 162 207 606 697 125 160 3 7 38 57 581 606 332 378 7 21 84 91 697 721 378 470
1 2 2 2 3 2 4 2 5 2 6 2 7 2 8 2 9 2 10 2 11 2 12 2 13 2 14 2 15 2 16 2 17 2 18 2 19 2 20 2 565 614 305 379 206 232 43 63 670 712 809 856 3 18 87 121 450 502 232 305 712 742 191 206 18 24 63 87 614 670 379 450 24 43 121 191 742 809 502 565
1 3 3 3 5 3 6 3 10 3 13 3 14 3 15 3 16 3 640 660 660 680 757 823 856 925 680 686 534 628 628 640 730 757 686 730
2 3 4 3 9 3 11 3 12 3 20 3 718 770 655 713 577 655 770 795 717 718 713 715
7 3 8 3 17 3 18 3 19 3 549 601 738 787 602 664 664 738 809 895


Objective: 0.375013 168 9
1 1 2 1 5 1 6 1 8 1 10 1 11 1 12 1 13 1 14 1 16 1 18 1 19 1 20 1 334 428 8 27 209 232 584 637 99 156 51 92 298 334 156 203 487 584 27 51 6 8 92 99 428 487 0 6
3 1 4 1 7 1 9 1 15 1 17 1 180 274 0 61 130 180 630 659 335 424 61 130
1 2 3 2 6 2 7 2 9 2 10 2 11 2 12 2 13 2 14 2 16 2 17 2 18 2 487 489 295 347 637 640 197 203 659 729 348 413 347 348 203 295 584 594 51 128 8 32 493 584 413 487
2 2 4 2 5 2 8 2 15 2 19 2 20 2 41 51 61 65 232 272 272 354 424 502 502 555 6 24
1 3 2 3 3 3 4 3 5 3 6 3 7 3 8 3 9 3 10 3 11 3 12 3 13 3 14 3 15 3 16 3 17 3 18 3 19 3 20 3 522 528 51 134 591 594 134 147 385 449 751 817 217 242 359 385 729 751 449 522 828 878 297 359 594 647 147 217 528 591 242 297 723 729 817 828 647 723 24 51
1 4 3 4 5 4 12 4 13 4 18 4 735 754 602 669 693 735 757 828 676 692 853 880
2 4 6 4 7 4 8 4 19 4 661 676 819 866 612 645 701 770 770 819
9 4 10 4 16 4 17 4 799 839 717 768 652 706 768 799
4 4 11 4 14 4 15 4 20 4 722 797 878 970 797 808 650 712 808 861

Objective: 0.559414 53 12
1 1 2 1 3 1 4 1 7 1 9 1 13 1 14 1 17 1 51 82 32 35 245 334 0 32 350 408 35 49 408 486 82 165 165 245
5 1 6 1 8 1 10 1 11 1 12 1 15 1 16 1 18 1 19 1 20 1 27 46 112 146 89 112 0 27 332 419 419 511 46 89 180 185 196 270 270 332 165 180
1 2 3 2 4 2 8 2 12 2 14 2 20 2 82 158 334 349 32 77 158 245 511 532 414 480 245 299
6 2 9 2 10 2 11 2 15 2 17 2 18 2 154 251 109 154 27 87 419 505 89 109 251 344 366 419
2 2 5 2 7 2 13 2 16 2 19 2 130 223 46 130 414 453 486 553 279 332 332 414
1 3 3 3 6 3 7 3 11 3 12 3 13 3 15 3 16 3 17 3 212 282 383 466 282 334 466 498 505 563 584 628 563 584 109 149 334 383 640 714
2 3 4 3 5 3 8 3 9 3 10 3 14 3 18 3 19 3 20 3 291 331 89 114 130 182 245 291 182 214 332 403 525 551 462 514 551 650 403 462
1 4 7 4 11 4 15 4 602 694 529 574 574 602 470 529
3 4 8 4 13 4 14 4 19 4 525 584 461 525 584 617 617 650 650 674
5 4 12 4 17 4 20 4 558 634 634 685 714 716 479 558
9 4 10 4 16 4 18 4 590 667 675 681 456 514 514 590
2 4 4 4 6 4 626 665 548 626 457 547

Objective: 0.19717 238 7
1 1 2 1 3 1 4 1 5 1 6 1 7 1 8 1 9 1 10 1 11 1 12 1 13 1 14 1 15 1 16 1 17 1 18 1 19 1 20 1 0 17 455 551 244 338 46 69 69 83 199 244 838 920 338 401 17 26 666 725 83 147 1051 1149 147 199 415 455 26 46 725 774 551 569 569 666 774 838 920 1014
1 2 2 2 3 2 4 2 5 2 6 2 7 2 8 2 9 2 10 2 11 2 12 2 13 2 14 2 15 2 16 2 17 2 18 2 19 2 20 2 17 60 632 666 362 384 123 147 92 123 426 525 1054 1149 401 426 274 362 725 811 147 166 1149 1239 199 274 525 588 60 69 811 898 611 632 666 670 926 1014 1014 1054
1 3 2 3 3 3 4 3 5 3 6 3 7 3 8 3 9 3 10 3 11 3 12 3 13 3 14 3 15 3 16 3 17 3 18 3 19 3 20 3 60 69 812 850 719 812 147 164 213 274 531 596 1193 1255 426 467 606 648 949 999 280 370 1255 1272 274 280 648 701 82 147 1014 1030 850 949 701 719 1030 1088 1112 1193
1 4 2 4 3 4 4 4 5 4 6 4 7 4 8 4 9 4 10 4 11 4 12 4 13 4 14 4 15 4 16 4 17 4 18 4 19 4 20 4 108 174 915 970 822 915 174 190 412 438 596 648 1367 1431 467 476 752 781 1138 1193 370 398 1285 1351 398 412 781 822 343 370 1041 1138 970 1041 719 743 1193 1285 1449 1466
1 5 2 5 8 5 12 5 17 5 18 5 19 5 1486 1569 1569 1601 1601 1664 1427 1486 1333 1427 1230 1294 1299 1333
3 5 5 5 9 5 11 5 13 5 16 5 1352 1426 1519 1611 1426 1519 1215 1281 1619 1623 1281 1352
4 5 6 5 7 5 10 5 14 5 15 5 20 5 1398 1431 1224 1306 1431 1466 1306 1398 1574 1639 1508 1574 1466 1508

Objective: 0.421053 0 13
1 1 2 1 6 1 7 1 8 1 9 1 11 1 12 1 13 1 14 1 15 1 16 1 17 1 18 1 19 1 20 1 193 265 621 686 65 140 0 2 56 65 446 494 140 143 591 611 2 33 308 362 143 193 33 56 494 591 362 446 265 308 611 621
3 1 4 1 5 1 10 1 59 137 137 201 0 59 384 425
3 2 4 2 5 2 6 2 7 2 8 2 9 2 11 2 13 2 20 2 249 313 575 614 318 356 149 172 13 15 65 149 494 575 231 249 33 56 621 698
1 2 2 2 10 2 12 2 14 2 15 2 16 2 17 2 18 2 19 2 328 374 686 690 425 442 690 776 374 425 193 202 56 153 776 813 446 531 308 328
1 3 2 3 3 3 4 3 7 3 8 3 9 3 12 3 13 3 15 3 16 3 17 3 374 470 690 771 565 647 771 794 15 32 470 565 654 689 794 809 56 92 239 328 153 169 813 879
5 3 6 3 10 3 11 3 14 3 18 3 19 3 20 3 546 640 356 425 520 546 249 328 425 520 651 671 328 356 698 792
1 4 2 4 3 4 7 4 8 4 9 4 10 4 12 4 13 4 16 4 19 4 20 4 470 540 771 773 652 679 32 84 565 652 689 732 555 565 839 891 92 166 169 254 356 450 792 830
4 4 5 4 6 4 11 4 14 4 15 4 17 4 18 4 841 913 705 794 425 502 328 424 534 624 624 705 944 970 794 841
1 5 11 5 14 5 18 5 937 985 829 906 739 810 906 926
3 5 4 5 5 5 6 5 16 5 17 5 755 804 913 970 804 806 821 913 812 813 970 976
7 5 8 5 10 5 711 805 892 969 805 884
9 5 12 5 13 5 19 5 786 857 891 983 857 891 732 786
2 5 15 5 20 5 917 980 735 804 830 907

Objective: 0.0500 0 8
1 1 2 1 3 1 4 1 5 1 6 1 7 1 8 1 9 1 10 1 11 1 12 1 13 1 14 1 15 1 16 1 17 1 18 1 19 1 20 1 2400 2477 2580 2674 1171 1198 517 602 49 128 136 144 602 682 831 919 1380 1434 372 401 486 488 1267 1363 0 23 739 831 1459 1506 44 49 2492 2570 689 739 206 230 1028 1109
1 2 2 2 3 2 4 2 5 2 6 2 7 2 8 2 9 2 10 2 11 2 12 2 13 2 14 2 15 2 16 2 17 2 18 2 19 2 20 2 2477 2570 2674 2763 1198 1288 602 606 128 144 144 230 682 703 919 935 1434 1506 401 429 488 587 1363 1434 23 57 950 1003 1506 1600 57 106 2570 2626 739 812 230 324 1109 1198
1 3 2 3 3 3 4 3 5 3 6 3 7 3 8 3 9 3 10 3 11 3 12 3 13 3 14 3 15 3 16 3 17 3 18 3 19 3 20 3 2689 2744 2763 2848 1288 1321 606 660 144 159 230 304 703 794 935 984 1506 1514 429 524 587 606 1434 1448 57 77 1003 1045 1600 1641 106 118 2626 2675 812 895 324 339 1198 1241
1 4 2 4 3 4 4 4 5 4 6 4 7 4 8 4 9 4 10 4 11 4 12 4 13 4 14 4 15 4 16 4 17 4 18 4 19 4 20 4 2744 2824 2848 2926 1321 1395 660 756 159 255 1170 1241 794 846 984 1042 1514 1563 524 556 606 624 1448 1466 77 101 1045 1131 1641 1731 270 339 2675 2705 895 984 339 346 1241 1290
1 5 2 5 3 5 4 5 5 5 6 5 7 5 8 5 9 5 10 5 11 5 12 5 13 5 14 5 15 5 16 5 17 5 18 5 19 5 20 5 2824 2889 2926 2997 1395 1466 756 776 255 318 1241 1262 846 931 1060 1090 1563 1655 556 597 624 692 1466 1528 101 200 1131 1169 1731 1821 402 410 2705 2789 984 1052 346 353 1290 1357
1 6 2 6 3 6 4 6 5 6 6 6 7 6 8 6 9 6 10 6 11 6 12 6 13 6 14 6 15 6 16 6 17 6 18 6 19 6 20 6 2889 2960 2997 3012 1466 1489 776 799 507 597 1262 1280 931 1015 1090 1169 1655 1689 597 625 692 703 1528 1552 200 268 1169 1174 1821 1898 410 507 2789 2800 1052 1090 353 410 1357 1381
1 7 2 7 3 7 4 7 5 7 6 7 7 7 8 7 9 7 10 7 11 7 12 7 13 7 14 7 15 7 16 7 17 7 18 7 19 7 20 7 2960 2980 3012 3014 1489 1521 799 800 597 617 1280 1301 1015 1090 1190 1280 1689 1701 625 703 703 740 1552 1567 268 352 1174 1190 1898 1906 507 593 2800 2880 1090 1167 410 412 1381 1389
1 8 2 8 3 8 4 8 5 8 6 8 7 8 8 8 9 8 10 8 11 8 12 8 13 8 14 8 15 8 16 8 17 8 18 8 19 8 20 8 2980 3014 3014 3044 2835 2880 3148 3176 2952 2980 3366 3397 2951 2952 3470 3495 3270 3366 2737 2804 2710 2727 3044 3137 3137 3146 3495 3512 3176 3200 3397 3470 2880 2951 3146 3148 2614 2694 3202 3270


Objective: 0 0 8
1 1 2 1 3 1 4 1 5 1 6 1 7 1 8 1 9 1 10 1 11 1 12 1 13 1 14 1 15 1 16 1 17 1 18 1 19 1 20 1 531 566 1057 1102 1 57 57 59 998 1057 1102 1169 593 655 1239 1329 293 382 0 1 59 72 1329 1423 1491 1585 566 593 467 531 788 883 701 788 72 126 899 998 1423 1491
1 2 2 2 3 2 4 2 5 2 6 2 7 2 8 2 9 2 10 2 11 2 12 2 13 2 14 2 15 2 16 2 17 2 18 2 19 2 20 2 674 724 1102 1176 93 147 59 75 1632 1726 1259 1299 1176 1259 1329 1335 382 431 75 93 163 220 1423 1460 1585 1632 593 674 531 537 883 921 788 801 309 382 998 999 1541 1585
1 3 2 3 3 3 4 3 5 3 6 3 7 3 8 3 9 3 10 3 11 3 12 3 13 3 14 3 15 3 16 3 17 3 18 3 19 3 20 3 724 743 1176 1254 232 255 75 129 1726 1738 1338 1421 1259 1335 1335 1338 826 902 188 220 220 232 1460 1517 1632 1659 743 801 537 545 921 999 801 826 382 397 999 1081 1664 1710
1 4 2 4 3 4 4 4 5 4 6 4 7 4 8 4 9 4 10 4 11 4 12 4 13 4 14 4 15 4 16 4 17 4 18 4 19 4 20 4 1797 1878 1924 1988 305 397 129 220 1878 1924 1988 2058 1380 1445 1338 1380 1150 1219 220 260 260 305 1696 1708 1659 1667 1094 1150 545 636 999 1051 826 895 397 456 1081 1094 1710 1797
1 5 2 5 3 5 4 5 5 5 6 5 7 5 8 5 9 5 10 5 11 5 12 5 13 5 14 5 15 5 16 5 17 5 18 5 19 5 20 5 2126 2205 2111 2126 476 538 359 423 1924 1971 2058 2081 1445 1537 1380 1396 1219 1244 260 359 538 636 1708 1797 1667 1708 1178 1181 636 660 1244 1289 1289 1374 456 476 1094 1178 1797 1833
1 6 2 6 3 6 4 6 5 6 6 6 7 6 8 6 9 6 10 6 11 6 12 6 13 6 14 6 15 6 16 6 17 6 18 6 19 6 20 6 2205 2248 2248 2347 2370 2446 423 447 1971 2019 2081 2112 1537 1540 1396 1413 1247 1301 359 422 636 659 1859 1935 1708 1709 1181 1247 660 699 1856 1859 1413 1460 476 507 1178 1181 1833 1856
1 7 2 7 3 7 4 7 5 7 6 7 7 7 8 7 9 7 10 7 11 7 12 7 13 7 14 7 15 7 16 7 17 7 18 7 19 7 20 7 2248 2332 2347 2446 2446 2543 447 457 2019 2111 2112 2133 2133 2195 1413 1452 1301 1321 457 504 1452 1541 2195 2219 1709 1805 1247 1289 699 798 1859 1899 2219 2248 507 520 1181 1190 1899 1959
1 8 2 8 3 8 4 8 5 8 6 8 7 8 8 8 9 8 10 8 11 8 12 8 13 8 14 8 15 8 16 8 17 8 18 8 19 8 20 8 3209 3214 3282 3344 2864 2944 3215 3240 3240 3282 3105 3162 3214 3215 3356 3423 3344 3356 2944 2946 3518 3570 3488 3518 3570 3661 2946 2970 2970 2992 3045 3105 3661 3705 3423 3488 2992 3034 3162 3209

Objecttive: 0.21945 492 14
1 1 4 1 7 1 8 1 9 1 12 1 15 1 17 1 20 1 96 131 94 96 221 283 131 221 283 372 0 94 372 436 504 591 436 504
2 1 3 1 5 1 6 1 10 1 11 1 13 1 14 1 16 1 18 1 19 1 565 610 27 83 150 209 83 150 209 210 210 223 471 565 0 27 376 471 322 376 223 322
1 2 2 2 7 2 8 2 10 2 11 2 12 2 14 2 17 2 18 2 20 2 145 195 610 684 291 374 228 234 210 228 234 291 108 145 27 108 591 604 376 449 504 548
3 2 4 2 5 2 6 2 9 2 13 2 15 2 16 2 19 2 83 137 137 153 209 303 153 193 372 421 565 612 436 442 471 509 322 323
6 3 13 3 14 3 15 3 16 3 19 3 193 276 612 639 108 166 442 450 509 587 323 405
3 3 4 3 5 3 9 3 10 3 17 3 137 160 160 214 303 315 421 497 228 260 604 629
1 3 2 3 7 3 8 3 11 3 12 3 18 3 20 3 202 221 684 762 374 450 234 237 291 303 145 202 450 465 548 594
1 4 2 4 3 4 5 4 9 4 10 4 11 4 15 4 20 4 252 333 762 826 160 252 418 464 555 624 333 373 373 418 464 555 624 711
4 4 6 4 7 4 8 4 12 4 13 4 14 4 16 4 17 4 18 4 19 4 234 325 367 437 450 515 325 367 222 234 708 716 166 222 587 639 639 708 515 574 437 450
2 5 3 5 4 5 5 5 6 5 7 5 8 5 10 5 13 5 14 5 16 5 20 5 826 841 252 314 325 389 527 574 504 527 574 666 389 405 405 504 747 788 222 225 666 711 711 747
1 5 9 5 11 5 12 5 15 5 17 5 18 5 19 5 333 412 644 669 418 516 234 323 600 624 708 793 624 644 516 600
1 6 2 6 3 6 4 6 5 6 6 6 7 6 8 6 9 6 10 6 11 6 12 6 13 6 14 6 15 6 16 6 17 6 18 6 19 6 20 6 507 550 919 1018 314 390 466 490 667 715 636 667 788 791 490 507 791 845 550 613 613 636 390 466 871 872 225 291 718 757 845 848 872 919 757 788 715 718 848 871
2 7 5 7 6 7 7 7 8 7 10 7 12 7 14 7 17 7 18 7 20 7 1018 1117 715 807 667 688 820 882 507 546 613 660 466 490 291 333 942 971 807 820 882 942
1 7 3 7 4 7 9 7 11 7 13 7 15 7 16 7 19 7 550 634 390 487 490 500 856 876 636 725 916 1012 757 856 876 916 725 734
1 8 2 8 3 8 4 8 5 8 6 8 7 8 8 8 9 8 10 8 11 8 12 8 13 8 14 8 15 8 16 8 17 8 18 8 19 8 20 8 3255 3260 3565 3627 3006 3086 3172 3197 3304 3346 3426 3483 3423 3424 3640 3707 3346 3358 3086 3088 3483 3535 3535 3565 3707 3798 3148 3172 2984 3006 3088 3148 3260 3304 3358 3423 2942 2984 3197 3244


Objecttive: 0.172445 1201 14
1 1 3 1 4 1 7 1 8 1 9 1 11 1 12 1 13 1 14 1 19 1 20 1 370 387 0 91 35 57 426 470 0 7 0 36 18 91 368 387 26 91 89 91 350 356 301 347
2 1 5 1 6 1 10 1 15 1 16 1 17 1 18 1 293 303 0 86 60 86 34 86 229 276 25 86 340 418 193 243
1 2 2 2 5 2 6 2 7 2 8 2 11 2 13 2 387 470 303 387 90 100 100 190 470 533 7 90 264 303 190 264
3 2 4 2 9 2 10 2 12 2 14 2 15 2 16 2 17 2 18 2 19 2 20 2 144 156 57 144 36 57 178 209 402 433 156 178 276 347 209 243 433 532 243 276 371 402 347 356
1 3 3 3 9 3 15 3 16 3 492 523 157 243 57 142 363 419 256 340
4 3 7 3 8 3 10 3 11 3 13 3 14 3 19 3 20 3 154 160 533 599 90 93 209 251 303 359 279 303 181 190 419 489 377 419
2 3 5 3 6 3 12 3 17 3 18 3 390 418 123 201 201 276 436 452 577 585 276 371
3 4 5 4 8 4 11 4 12 4 15 4 17 4 265 353 205 239 93 190 359 419 456 544 423 456 585 656
2 4 6 4 9 4 13 4 14 4 18 4 19 4 418 489 285 291 142 190 311 371 190 285 371 418 494 590
1 4 4 4 7 4 10 4 16 4 20 4 523 588 168 251 660 662 251 296 361 422 427 515
1 5 2 5 3 5 4 5 5 5 6 5 7 5 8 5 11 5 16 5 18 5 588 609 524 588 353 422 258 291 239 243 291 353 662 723 190 239 488 524 422 450 465 488
9 5 10 5 12 5 13 5 14 5 15 5 17 5 19 5 20 5 231 288 296 377 544 574 377 476 288 296 476 524 661 727 590 661 524 544
1 6 2 6 4 6 6 6 8 6 11 6 14 6 15 6 16 6 20 6 660 756 614 660 339 368 399 450 239 334 531 538 368 388 569 579 450 531 595 614
3 6 5 6 7 6 9 6 10 6 12 6 13 6 17 6 18 6 19 6 422 487 243 294 723 727 304 401 401 422 604 695 562 604 897 946 509 553 718 723
1 7 5 7 9 7 10 7 12 7 14 7 16 7 17 7 18 7 20 7 867 887 294 388 445 459 510 531 767 828 388 437 531 553 946 948 553 625 697 767
2 7 3 7 4 7 6 7 7 7 8 7 11 7 13 7 15 7 19 7 731 764 534 608 376 457 457 466 847 927 334 376 608 626 699 731 626 699 764 797
1 8 6 8 7 8 8 8 9 8 11 8 13 8 14 8 15 8 16 8 19 8 887 927 466 563 927 1016 376 379 459 466 655 720 766 797 437 459 720 766 563 655 836 887
2 8 3 8 4 8 5 8 10 8 12 8 17 8 18 8 20 8 797 829 647 706 466 560 388 466 560 647 907 948 2564 2603 706 785 785 797
1 9 4 9 5 9 8 9 12 9 16 9 18 9 20 9 3209 3302 560 605 466 526 379 447 3197 3209 655 741 785 854 854 953
2 9 3 9 6 9 7 9 9 9 10 9 11 9 13 9 14 9 15 9 17 9 19 9 893 921 706 732 673 680 2769 2778 511 593 680 706 732 737 797 893 459 511 766 785 2603 2632 921 987
1 10 2 10 3 10 4 10 5 10 6 10 7 10 8 10 9 10 10 10 11 10 12 10 13 10 14 10 15 10 16 10 17 10 18 10 19 10 20 10 3302 3348 3241 3302 3348 3361 2648 2719 3394 3492 2835 2841 2778 2835 3030 3047 3139 3185 3185 3241 2892 2911 3361 3394 3049 3139 2719 2778 3003 3030 2841 2892 2632 2648 3047 3049 2911 3003 3492 3572

Objecttive: 0.202501 7651 14
1 1 3 1 7 1 10 1 11 1 14 1 16 1 18 1 20 1 0 98 114 169 170 203 274 285 203 274 98 114 169 170 379 440 285 379
2 1 4 1 5 1 6 1 8 1 9 1 12 1 13 1 15 1 17 1 19 1 426 450 73 150 423 426 182 239 0 73 150 182 351 402 337 351 402 423 312 337 239 312
1 2 2 2 3 2 4 2 5 2 6 2 7 2 8 2 9 2 10 2 11 2 12 2 13 2 14 2 15 2 16 2 17 2 18 2 19 2 20 2 98 133 888 919 220 277 162 220 785 863 373 385 371 373 73 89 336 371 395 485 385 395 661 739 554 572 133 162 739 785 277 336 522 554 863 888 485 522 572 661
4 3 8 3 9 3 10 3 11 3 15 3 16 3 17 3 18 3 20 3 220 309 89 172 371 458 485 528 458 484 785 795 336 343 554 587 888 983 661 673
1 3 2 3 3 3 5 3 6 3 7 3 12 3 13 3 14 3 19 3 133 145 919 951 277 368 863 866 450 509 373 450 739 765 587 595 162 237 522 587
1 4 2 4 3 4 10 4 11 4 20 4 145 216 951 992 368 382 528 583 484 488 673 740
6 4 8 4 13 4 15 4 16 4 509 567 172 189 595 614 795 888 343 427
7 4 12 4 14 4 17 4 18 4 450 492 765 857 237 249 587 588 983 1021
4 4 5 4 9 4 19 4 309 314 866 955 458 527 587 651
2 5 4 5 6 5 7 5 8 5 14 5 15 5 16 5 17 5 19 5 20 5 992 1051 314 327 567 629 492 556 189 248 249 267 888 952 427 444 629 653 653 656 740 782
1 5 3 5 5 5 9 5 10 5 11 5 12 5 13 5 18 5 216 291 382 418 955 997 527 580 583 647 488 513 857 924 647 742 1021 1067
1 6 2 6 3 6 4 6 5 6 6 6 7 6 8 6 9 6 10 6 11 6 12 6 13 6 14 6 15 6 16 6 17 6 18 6 19 6 20 6 326 344 1134 1145 418 423 344 379 1068 1134 672 766 596 629 248 300 629 672 766 775 513 596 1029 1043 893 970 300 326 1043 1068 444 507 775 862 1145 1159 862 893 970 1029
1 7 2 7 3 7 8 7 9 7 10 7 11 7 15 7 19 7 20 7 344 417 1154 1243 423 468 300 318 672 753 775 867 596 607 1068 1154 893 977 1029 1064
4 7 5 7 6 7 7 7 12 7 13 7 14 7 16 7 17 7 18 7 397 458 1134 1181 766 848 629 683 1047 1106 970 1047 326 397 507 564 862 874 1181 1256
1 8 2 8 4 8 8 8 9 8 10 8 11 8 15 8 19 8 20 8 417 484 1243 1282 484 556 318 337 753 843 867 928 607 697 1160 1170 977 1020 1064 1160
3 8 5 8 6 8 7 8 12 8 13 8 14 8 16 8 17 8 18 8 496 511 1181 1205 848 870 683 719 1123 1161 1047 1123 397 496 564 574 874 932 1256 1260
1 9 2 9 3 9 4 9 5 9 6 9 7 9 8 9 9 9 10 9 11 9 12 9 13 9 14 9 15 9 16 9 17 9 18 9 19 9 20 9 484 552 1360 1413 556 629 629 658 1234 1278 907 930 778 846 337 416 846 907 930 948 731 778 1217 1232 1123 1130 552 556 1232 1234 658 731 948 1043 1278 1360 1043 1080 1160 1217
1 10 2 10 3 10 4 10 5 10 6 10 7 10 8 10 9 10 10 10 11 10 12 10 13 10 14 10 15 10 16 10 17 10 18 10 19 10 20 10 3463 3562 3804 3848 3848 3943 4269 4283 4421 4511 4045 4129 4237 4269 3944 4001 3741 3804 4511 4574 3573 3638 4015 4045 4384 4421 4340 4384 3675 3692 3695 3738 4005 4015 4283 4340 4588 4624 4574 4588

Objective: 0.144661 102 8
1 1 2 1 3 1 4 1 6 1 7 1 9 1 10 1 12 1 15 1 17 1 18 1 20 1 21 1 22 1 23 1 25 1 27 1 28 1 30 1 312 391 112 163 37 48 0 37 391 439 744 773 63 86 527 604 467 527 674 744 236 261 48 63 231 236 773 861 604 668 86 112 163 231 284 312 439 467 261 284
5 1 8 1 11 1 13 1 14 1 16 1 19 1 24 1 26 1 29 1 217 308 128 150 0 13 91 128 576 623 150 217 406 505 308 406 13 77 505 576
1 2 2 2 4 2 6 2 7 2 8 2 9 2 11 2 12 2 14 2 17 2 19 2 20 2 23 2 24 2 26 2 27 2 28 2 29 2 30 2 415 468 230 302 185 189 702 773 773 776 189 230 130 185 13 100 644 654 654 702 495 554 575 644 396 415 835 922 468 471 100 130 554 575 471 495 777 835 302 348
3 2 5 2 10 2 13 2 15 2 16 2 18 2 21 2 22 2 25 2 48 55 385 443 604 696 128 216 744 765 217 294 443 513 870 948 781 857 294 385
1 3 2 3 3 3 6 3 7 3 14 3 15 3 19 3 22 3 27 3 692 772 774 793 793 811 811 817 892 919 1024 1030 817 857 919 929 857 892 929 993
4 3 11 3 16 3 17 3 18 3 21 3 23 3 912 948 717 815 815 830 830 879 879 912 948 962 962 1044
8 3 12 3 25 3 26 3 28 3 29 3 739 768 659 739 768 825 825 873 873 919 919 1005
5 3 9 3 10 3 13 3 20 3 24 3 30 3 933 943 974 1057 943 952 854 933 674 756 756 854 952 974

Objective: 0.766666 59 12
1 1 5 1 9 1 11 1 12 1 13 1 16 1 17 1 19 1 21 1 26 1 487 584 0 4 4 45 312 341 354 420 45 52 65 118 420 487 216 312 118 216 584 628
6 1 14 1 15 1 20 1 22 1 23 1 24 1 27 1 28 1 30 1 0 6 27 65 80 104 65 80 104 168 266 364 8 23 168 266 364 438 518 581
2 1 3 1 4 1 7 1 8 1 10 1 18 1 25 1 29 1 423 493 0 6 6 90 90 164 373 423 223 294 294 366 203 223 164 182
1 2 2 2 5 2 6 2 9 2 10 2 12 2 14 2 15 2 16 2 17 2 21 2 23 2 24 2 25 2 27 2 29 2 30 2 585 650 493 574 4 13 13 23 84 125 332 381 420 478 381 420 149 208 208 249 650 721 249 286 478 488 23 84 301 302 302 332 721 812 581 585
3 2 4 2 7 2 8 2 11 2 13 2 18 2 19 2 20 2 22 2 26 2 28 2 6 93 178 183 183 259 423 507 719 781 93 178 366 377 596 671 293 366 259 270 671 719 507 596
1 3 2 3 4 3 6 3 11 3 12 3 15 3 19 3 20 3 21 3 22 3 24 3 25 3 27 3 30 3 689 692 760 824 419 478 23 91 824 888 478 503 226 314 718 760 375 385 314 338 642 689 128 226 338 375 530 585 585 642
3 3 5 3 7 3 8 3 9 3 10 3 13 3 14 3 16 3 17 3 18 3 23 3 26 3 28 3 29 3 93 123 13 34 324 364 552 634 125 131 381 466 178 206 466 552 249 324 885 907 668 693 693 763 765 808 763 765 812 852
1 4 2 4 6 4 8 4 17 4 25 4 1021 1090 1092 1107 794 888 888 907 907 985 985 1022
5 4 14 4 18 4 19 4 21 4 22 4 30 4 922 980 992 1087 1094 1120 980 991 905 922 822 905 1090 1091
10 4 11 4 12 4 24 4 29 4 840 871 1082 1170 871 964 964 1002 1002 1082
4 4 7 4 16 4 23 4 26 4 1048 1142 819 855 950 1014 859 950 1014 1048
3 4 9 4 13 4 15 4 20 4 27 4 28 4 1021 1050 917 934 786 848 1050 1112 1116 1136 934 1021 855 917

Objecttive: 0.515238 17241 11
1 1 3 1 4 1 8 1 10 1 11 1 13 1 15 1 18 1 19 1 22 1 23 1 24 1 25 1 27 1 28 1 29 1 366 399 747 769 233 247 207 233 113 196 48 113 399 421 33 48 494 519 196 207 519 556 0 33 328 366 421 494 556 605 247 328 726 739
2 1 5 1 6 1 7 1 9 1 12 1 14 1 16 1 17 1 20 1 21 1 26 1 30 1 705 771 25 37 371 440 288 371 218 288 672 691 131 218 37 93 0 25 93 131 512 524 440 512 537 575
1 2 2 2 4 2 11 2 12 2 13 2 15 2 17 2 18 2 19 2 27 2 30 2 412 440 771 799 336 398 119 207 691 702 459 538 101 119 25 49 552 576 207 291 708 752 621 639
6 2 7 2 9 2 10 2 16 2 21 2 23 2 25 2 28 2 29 2 466 467 393 464 294 306 196 294 108 187 635 714 33 52 564 586 372 393 739 804
3 2 5 2 8 2 14 2 20 2 22 2 24 2 26 2 769 844 81 131 283 336 220 283 131 220 659 732 410 499 560 589
3 3 5 3 7 3 9 3 10 3 12 3 13 3 16 3 17 3 19 3 22 3 25 3 27 3 28 3 30 3 844 892 142 187 464 552 306 393 296 304 702 732 552 586 187 260 49 142 291 296 732 752 586 639 752 844 393 464 639 702
1 3 2 3 4 3 6 3 8 3 11 3 14 3 15 3 18 3 20 3 21 3 23 3 24 3 26 3 29 3 443 467 799 804 398 443 467 499 336 398 213 221 283 313 119 213 627 714 221 234 714 799 52 119 499 589 589 627 804 858
2 4 5 4 6 4 8 4 14 4 19 4 20 4 22 4 23 4 26 4 27 4 28 4 29 4 30 4 2139 2161 2604 2696 2265 2326 1997 2067 2067 2139 2696 2761 2337 2379 2243 2265 2379 2382 2161 2243 2326 2337 2382 2448 2542 2604 2448 2542
1 4 3 4 4 4 7 4 9 4 10 4 11 4 12 4 13 4 15 4 16 4 17 4 18 4 21 4 24 4 25 4 2053 2116 2437 2438 2685 2753 2210 2214 2438 2470 2348 2437 2140 2210 2595 2671 2671 2685 2214 2250 2250 2280 2121 2140 2116 2121 2547 2595 2470 2547 2280 2348

Objective: 0.133333 0 7
1 1 2 1 3 1 4 1 5 1 6 1 7 1 8 1 9 1 10 1 11 1 12 1 13 1 14 1 15 1 16 1 17 1 18 1 19 1 20 1 21 1 22 1 23 1 24 1 25 1 26 1 27 1 28 1 29 1 30 1 834 907 931 1007 1358 1399 1007 1101 139 153 1181 1193 578 624 254 269 181 254 493 510 483 493 510 575 0 35 439 483 1399 1442 1442 1521 1193 1289 269 315 35 112 153 181 1635 1695 907 931 374 439 710 765 1289 1358 765 834 1101 1181 112 139 624 710 315 374
1 2 2 2 3 2 4 2 5 2 6 2 7 2 8 2 9 2 10 2 11 2 12 2 13 2 14 2 15 2 16 2 17 2 18 2 19 2 20 2 21 2 22 2 23 2 24 2 25 2 26 2 27 2 28 2 29 2 30 2 1143 1222 1082 1143 1510 1567 1222 1234 166 240 1334 1421 850 908 296 355 254 296 671 765 532 617 972 1022 35 91 483 532 1567 1625 1646 1695 1421 1458 355 359 117 126 1625 1646 1695 1718 1239 1334 439 479 765 850 1458 1510 1022 1082 1234 1239 139 166 908 972 617 671
1 3 2 3 3 3 4 3 5 3 6 3 7 3 8 3 9 3 10 3 11 3 12 3 13 3 14 3 15 3 16 3 17 3 18 3 19 3 20 3 21 3 22 3 23 3 24 3 25 3 26 3 27 3 28 3 29 3 30 3 1222 1318 1154 1199 1805 1903 1412 1420 327 340 1665 1688 912 917 398 403 403 465 765 777 777 834 1053 1065 91 97 917 1010 1903 1968 2097 2155 1458 1520 359 398 250 327 1968 2047 2181 2190 1420 1432 479 559 850 880 1578 1665 1082 1101 1318 1412 166 250 1010 1053 1707 1805
1 4 2 4 3 4 4 4 5 4 6 4 7 4 8 4 9 4 10 4 11 4 12 4 13 4 14 4 15 4 16 4 17 4 18 4 19 4 20 4 21 4 22 4 23 4 24 4 25 4 26 4 27 4 28 4 29 4 30 4 1318 1359 1199 1208 1904 1922 1606 1621 344 351 1688 1752 942 959 424 479 1752 1829 777 867 867 942 1098 1101 97 162 1010 1032 2003 2047 2155 2245 1522 1606 398 424 327 344 2047 2133 2245 2270 1432 1522 559 574 1032 1069 1829 1904 1101 1140 1621 1688 250 258 1069 1088 1986 2003
1 5 6 5 15 5 18 5 21 5 26 5 27 5 29 5 30 5 1962 2049 2216 2254 2049 2095 2186 2216 2270 2294 2126 2186 1872 1962 1776 1852 2095 2126
4 5 5 5 7 5 8 5 10 5 16 5 19 5 22 5 23 5 25 5 28 5 2015 2052 2052 2138 1943 2012 2012 2015 2159 2254 2264 2314 2138 2157 2314 2373 1742 1796 1904 1935 1815 1861
2 5 3 5 9 5 11 5 12 5 13 5 14 5 17 5 20 5 24 5 2211 2260 1922 2006 2006 2037 2037 2133 1907 1916 1734 1811 2146 2211 1811 1907 2133 2146 2262 2358

Objective: 0.4 0 13
1 1 2 1 3 1 4 1 6 1 8 1 10 1 11 1 12 1 13 1 15 1 16 1 17 1 18 1 19 1 23 1 24 1 26 1 27 1 28 1 30 1 555 584 404 498 627 674 4 12 0 4 584 627 327 404 498 555 265 327 31 56 13 16 1007 1069 674 756 85 166 1075 1164 12 13 807 891 891 930 56 85 16 31 166 265
5 1 7 1 9 1 14 1 20 1 21 1 22 1 25 1 29 1 30 62 62 70 571 619 552 571 4 30 72 120 0 4 495 552 120 173
1 2 2 2 3 2 4 2 5 2 7 2 9 2 11 2 12 2 13 2 14 2 16 2 18 2 19 2 20 2 21 2 22 2 24 2 25 2 27 2 28 2 771 834 536 571 674 748 251 289 146 168 289 341 619 674 748 771 387 480 69 146 581 595 1069 1081 480 536 1164 1241 954 1008 341 387 4 22 891 952 571 581 168 251 31 69
6 2 8 2 10 2 15 2 17 2 23 2 26 2 29 2 30 2 4 42 817 885 407 425 634 701 787 817 262 339 930 991 173 262 434 514
1 3 2 3 3 3 4 3 5 3 6 3 8 3 9 3 10 3 12 3 13 3 14 3 15 3 16 3 18 3 19 3 21 3 22 3 23 3 25 3 26 3 27 3 937 980 571 651 896 937 289 331 191 220 675 701 885 896 1052 1081 438 460 480 535 146 156 817 885 701 747 1081 1140 562 571 1241 1255 747 815 22 69 339 438 651 675 991 1052 251 252
7 3 11 3 17 3 20 3 24 3 28 3 29 3 30 3 349 390 771 831 831 832 1008 1090 952 978 207 262 262 304 514 584
2 4 3 4 5 4 8 4 9 4 10 4 11 4 12 4 13 4 14 4 16 4 17 4 19 4 20 4 21 4 22 4 23 4 24 4 25 4 27 4 28 4 29 4 30 4 731 829 999 1037 220 297 896 991 1149 1210 460 487 860 888 633 675 156 217 991 999 1140 1149 832 841 1255 1327 1090 1135 841 860 74 95 487 584 1037 1057 675 731 370 460 297 370 1210 1251 584 633
1 4 4 4 6 4 7 4 15 4 18 4 26 4 1096 1155 331 390 1037 1052 390 464 747 777 571 613 1052 1062
9 5 12 5 13 5 17 5 22 5 24 5 1211 1218 1017 1115 1124 1211 1218 1246 971 1014 1115 1124
2 5 5 5 8 5 15 5 19 5 21 5 27 5 1140 1152 1177 1248 1126 1136 1015 1064 1327 1333 910 1009 1096 1116
6 5 7 5 16 5 20 5 23 5 25 5 28 5 29 5 1055 1071 1015 1026 1149 1234 1135 1149 932 990 1028 1051 1071 1104 1251 1302
1 5 4 5 10 5 18 5 26 5 1155 1221 1221 1237 1005 1028 1028 1088 1095 1155
3 5 11 5 14 5 30 5 1127 1208 1090 1127 999 1090 1208 1260

Objective: 0.04 0 9
1 1 2 1 3 1 4 1 5 1 6 1 7 1 8 1 9 1 10 1 11 1 12 1 13 1 14 1 15 1 16 1 17 1 18 1 19 1 20 1 21 1 22 1 23 1 24 1 25 1 26 1 27 1 28 1 29 1 30 1 1757 1775 0 2 25 62 1816 1907 1259 1289 585 605 371 430 2538 2552 1625 1701 2 25 443 507 1907 1998 558 585 605 613 2505 2537 1701 1757 245 290 2434 2505 217 245 613 683 2552 2565 1253 1259 1782 1816 62 139 139 217 1998 2067 2537 2538 290 371 1775 1782 701 786
1 2 2 2 3 2 4 2 5 2 6 2 7 2 8 2 9 2 10 2 11 2 12 2 13 2 14 2 15 2 16 2 17 2 18 2 19 2 20 2 21 2 22 2 23 2 24 2 25 2 26 2 27 2 28 2 29 2 30 2 1775 1832 270 329 62 95 2487 2505 1293 1354 644 691 430 507 2825 2885 1701 1718 95 106 507 541 2056 2060 1208 1277 613 644 2545 2642 1757 1765 329 394 2505 2517 245 270 742 786 2724 2751 1354 1410 1958 2056 208 245 1860 1958 2067 2069 2538 2545 541 613 1832 1860 786 853
1 3 2 3 3 3 4 3 5 3 6 3 7 3 8 3 9 3 10 3 11 3 12 3 13 3 14 3 15 3 16 3 17 3 18 3 19 3 20 3 21 3 22 3 23 3 24 3 25 3 26 3 27 3 28 3 29 3 30 3 1855 1943 329 422 95 141 2532 2539 1354 1416 725 786 507 596 2885 2903 1769 1855 141 237 879 930 2207 2304 1277 1350 1416 1492 2673 2751 1765 1769 452 469 2517 2532 270 306 786 879 2751 2771 1492 1570 2056 2076 422 452 1958 1975 2359 2447 2575 2634 613 709 1975 2043 930 984
1 4 2 4 3 4 4 4 5 4 6 4 7 4 8 4 9 4 10 4 11 4 12 4 13 4 14 4 15 4 16 4 17 4 18 4 19 4 20 4 21 4 22 4 23 4 24 4 25 4 26 4 27 4 28 4 29 4 30 4 1943 2038 422 442 141 150 2591 2667 1416 1472 851 916 596 642 2903 2991 1855 1887 237 292 930 1004 2304 2353 1350 1416 1611 1641 2751 2761 1769 1843 469 537 2532 2591 2170 2182 1004 1020 2771 2825 1570 1611 2076 2170 793 851 2038 2062 2447 2457 2667 2751 709 793 2069 2076 1020 1076
1 5 2 5 3 5 4 5 5 5 6 5 7 5 8 5 9 5 10 5 11 5 12 5 13 5 14 5 15 5 16 5 17 5 18 5 19 5 20 5 21 5 22 5 23 5 24 5 25 5 26 5 27 5 28 5 29 5 30 5 2038 2088 442 467 150 189 2667 2673 1472 1514 1514 1590 642 677 2991 3053 1887 1955 292 307 1004 1020 2353 2401 1416 1470 1680 1733 2764 2807 1843 1887 537 539 2673 2764 2256 2293 1020 1100 2888 2899 1743 1750 2170 2174 851 925 2088 2145 2457 2488 2807 2888 793 844 2150 2163 1304 1366
1 6 2 6 3 6 4 6 5 6 6 6 7 6 8 6 9 6 10 6 11 6 12 6 13 6 14 6 15 6 16 6 17 6 18 6 19 6 20 6 21 6 22 6 23 6 24 6 25 6 26 6 27 6 28 6 29 6 30 6 2088 2095 467 528 221 307 2673 2730 1514 1532 1680 1704 677 742 3053 3096 1955 1957 307 322 1020 1086 2401 2416 1532 1624 1733 1750 2826 2866 1887 1936 539 571 2764 2826 2293 2352 1185 1264 2953 2956 1750 1836 2259 2293 925 1020 2216 2259 2488 2489 2888 2953 1086 1185 2163 2216 1366 1408
1 7 2 7 3 7 4 7 5 7 6 7 7 7 8 7 9 7 10 7 11 7 12 7 13 7 14 7 15 7 16 7 17 7 18 7 19 7 20 7 21 7 22 7 23 7 24 7 25 7 26 7 27 7 28 7 29 7 30 7 2095 2108 528 597 433 528 2750 2826 1532 1590 1704 1788 742 753 3096 3106 1991 2040 1953 1991 1357 1408 2416 2434 1624 1642 1788 1812 2913 2950 1936 1953 1194 1232 2826 2913 2599 2654 1264 1357 3395 3431 1887 1936 2293 2299 1108 1134 2259 2261 2654 2750 2953 3052 1185 1194 2216 2239 1408 1435
1 8 2 8 5 8 7 8 9 8 14 8 15 8 17 8 22 8 23 8 25 8 26 8 27 8 29 8 30 8 3753 3777 3635 3641 3452 3535 3337 3431 3539 3561 3909 3965 3777 3828 3868 3909 3641 3666 3103 3136 3431 3442 3666 3753 3828 3859 3561 3635 3136 3210
3 8 4 8 6 8 8 8 10 8 11 8 12 8 13 8 16 8 18 8 19 8 20 8 21 8 24 8 28 8 3786 3876 3494 3553 3381 3432 3106 3201 3234 3266 3432 3494 3201 3234 3706 3753 3876 3909 3553 3591 3294 3347 3266 3294 3698 3706 3627 3698 3591 3627

Objective: 0.043500 0 9
1 1 2 1 3 1 4 1 5 1 6 1 7 1 8 1 9 1 10 1 11 1 12 1 13 1 14 1 15 1 16 1 17 1 18 1 19 1 20 1 21 1 22 1 23 1 24 1 25 1 26 1 27 1 28 1 29 1 30 1 1185 1250 199 240 2537 2570 357 365 969 1024 532 596 176 199 1154 1185 1250 1347 0 61 1122 1154 690 699 326 357 524 532 440 524 61 122 1024 1092 596 613 897 945 945 969 699 742 837 864 613 663 1092 1122 122 176 742 837 240 326 864 897 365 440 663 690
1 2 2 2 3 2 4 2 5 2 6 2 7 2 8 2 9 2 10 2 11 2 12 2 13 2 14 2 15 2 16 2 17 2 18 2 19 2 20 2 21 2 22 2 23 2 24 2 25 2 26 2 27 2 28 2 29 2 30 2 2016 2052 240 329 2570 2594 1856 1942 1303 1389 620 628 1061 1122 1544 1590 2011 2016 81 95 1414 1443 1122 1139 427 439 598 620 524 598 329 427 1389 1414 628 694 1217 1303 1199 1217 749 791 882 971 791 882 1942 2011 971 1061 1180 1199 439 468 1139 1180 468 515 694 749
1 3 2 3 3 3 4 3 5 3 6 3 7 3 8 3 9 3 10 3 11 3 12 3 13 3 14 3 15 3 16 3 17 3 18 3 19 3 20 3 21 3 22 3 23 3 24 3 25 3 26 3 27 3 28 3 29 3 30 3 2052 2103 1900 1942 2594 2633 1942 2037 1425 1495 688 787 1122 1162 1590 1593 2037 2041 95 157 1533 1590 1593 1653 444 479 633 688 598 633 427 444 1495 1533 790 832 1352 1425 1306 1352 1003 1091 1162 1197 928 1003 2145 2215 1103 1108 1209 1306 479 513 1197 1209 515 562 832 928
1 4 2 4 3 4 4 4 5 4 6 4 7 4 8 4 9 4 10 4 11 4 12 4 13 4 14 4 15 4 16 4 17 4 18 4 19 4 20 4 21 4 22 4 23 4 24 4 25 4 26 4 27 4 28 4 29 4 30 4 2481 2541 1973 2037 2633 2652 2037 2069 1500 1573 787 832 1194 1278 1714 1734 2163 2215 868 958 1651 1714 1734 1777 488 553 691 787 665 681 444 488 1573 1651 832 868 1437 1500 1354 1437 1126 1194 2104 2163 1032 1108 2215 2252 1108 1126 1325 1354 553 614 1278 1325 614 665 958 1032
1 5 2 5 3 5 4 5 5 5 6 5 7 5 8 5 9 5 10 5 11 5 12 5 13 5 14 5 15 5 16 5 17 5 18 5 19 5 20 5 21 5 22 5 23 5 24 5 25 5 26 5 27 5 28 5 29 5 30 5 2541 2624 2037 2044 2652 2717 2142 2163 1573 1642 832 927 1286 1299 1734 1821 2242 2332 958 1001 1714 1718 1943 1945 553 572 798 827 715 798 488 518 1651 1673 927 935 1503 1546 1444 1503 1194 1286 2163 2242 1553 1573 2332 2379 1126 1127 1392 1444 614 675 1325 1392 675 715 2081 2142
1 6 2 6 3 6 4 6 5 6 6 6 7 6 8 6 9 6 10 6 11 6 12 6 13 6 14 6 15 6 16 6 17 6 18 6 19 6 20 6 21 6 22 6 23 6 24 6 25 6 26 6 27 6 28 6 29 6 30 6 2624 2707 2044 2101 2717 2781 2163 2240 1688 1712 988 1009 1333 1423 1821 1866 2339 2343 1009 1067 1751 1814 1945 1973 585 683 843 849 798 843 518 585 1712 1751 935 988 1638 1688 1526 1559 1286 1333 2242 2339 1573 1633 2379 2471 1127 1139 1491 1526 683 739 1423 1491 739 758 2142 2159
1 7 2 7 3 7 4 7 5 7 6 7 7 7 8 7 9 7 10 7 11 7 12 7 13 7 14 7 15 7 16 7 17 7 18 7 19 7 20 7 21 7 22 7 23 7 24 7 25 7 26 7 27 7 28 7 29 7 30 7 2707 2721 2101 2197 2781 2825 2247 2343 1741 1799 1094 1166 1423 1440 1881 1973 2343 2412 1166 1262 1814 1881 1973 2047 683 703 1002 1094 943 1002 585 586 1799 1814 2227 2247 1709 1741 1667 1709 1333 1377 2412 2473 1633 1667 2473 2475 1262 1263 1527 1623 844 943 1491 1527 758 844 2197 2227
1 8 3 8 10 8 13 8 14 8 16 8 19 8 20 8 21 8 23 8 25 8 28 8 29 8 2721 2748 2825 2878 2563 2566 2182 2273 2748 2786 2342 2352 2466 2563 2389 2440 2352 2385 2088 2182 2273 2342 2566 2641 2457 2466
2 8 4 8 5 8 6 8 7 8 8 8 9 8 11 8 15 8 17 8 18 8 22 8 24 8 26 8 27 8 30 8 2422 2468 2343 2357 2161 2179 2264 2273 2644 2724 2405 2422 2516 2562 2179 2264 2315 2343 2126 2161 2622 2644 2562 2622 2724 2822 2468 2516 2357 2403 2273 2315


Objecttive: 0.365609 53086 14
1 1 2 1 3 1 4 1 5 1 6 1 7 1 8 1 9 1 10 1 11 1 12 1 13 1 14 1 15 1 16 1 17 1 18 1 19 1 20 1 21 1 22 1 23 1 24 1 25 1 26 1 27 1 28 1 29 1 30 1 1001 1099 1233 1327 414 499 186 195 108 116 0 72 130 157 1099 1156 116 130 281 343 343 363 157 161 1327 1373 412 414 671 705 1391 1430 1156 1233 499 585 195 281 363 412 798 881 927 961 72 108 705 781 881 927 1376 1388 585 671 161 186 961 1001 781 798
1 2 3 2 4 2 5 2 6 2 7 2 10 2 13 2 16 2 17 2 20 2 24 2 25 2 27 2 1099 1141 499 580 265 327 162 187 72 146 187 265 371 390 1373 1398 1430 1475 1233 1299 412 451 795 833 927 975 671 717
2 2 8 2 9 2 11 2 12 2 14 2 15 2 18 2 19 2 21 2 22 2 23 2 26 2 28 2 29 2 30 2 1327 1388 1156 1218 161 176 363 433 193 262 433 522 705 776 585 594 325 363 881 898 961 975 108 161 1388 1446 262 324 1001 1027 798 806
2 3 4 3 5 3 6 3 8 3 10 3 12 3 14 3 15 3 16 3 18 3 20 3 22 3 24 3 29 3 1388 1475 345 382 196 271 146 196 1218 1247 390 416 271 327 569 594 776 833 1475 1539 594 616 542 569 975 1006 866 963 1027 1085
1 3 3 3 7 3 9 3 11 3 13 3 17 3 19 3 21 3 23 3 25 3 26 3 27 3 28 3 30 3 1141 1204 597 628 286 324 215 286 433 496 1398 1399 1299 1304 383 407 898 949 161 215 989 1031 1446 1509 743 806 324 359 806 896
1 4 2 4 6 4 7 4 10 4 11 4 18 4 22 4 30 4 1204 1300 1475 1482 196 264 324 416 516 525 613 661 770 804 1157 1204 896 980
3 4 8 4 9 4 13 4 16 4 19 4 20 4 23 4 24 4 25 4 27 4 28 4 628 634 1392 1395 290 357 1449 1515 1539 1608 438 453 571 577 215 251 963 1031 1031 1075 809 903 359 407
4 4 5 4 12 4 14 4 15 4 17 4 21 4 26 4 29 4 509 602 271 297 334 389 664 735 833 917 1304 1379 985 1037 1509 1552 1085 1131
11 5 13 5 19 5 20 5 21 5 23 5 27 5 28 5 29 5 661 718 1515 1555 465 496 577 586 1037 1073 295 331 903 929 463 465 1321 1353
2 5 4 5 6 5 8 5 12 5 18 5 24 5 1521 1572 602 682 264 268 1395 1431 476 539 804 880 1142 1221
3 5 5 5 7 5 15 5 16 5 17 5 22 5 792 798 297 368 444 533 999 1062 1639 1661 1487 1510 1258 1320
1 5 9 5 10 5 14 5 25 5 26 5 30 5 1372 1393 357 421 525 618 735 765 1111 1150 1552 1649 980 991
4 6 5 6 6 6 7 6 8 6 9 6 11 6 12 6 13 6 14 6 15 6 16 6 18 6 19 6 22 6 24 6 682 718 368 421 268 361 650 682 1448 1522 421 455 718 765 539 577 1555 1603 765 813 1062 1112 1661 1673 889 913 577 614 1320 1332 1221 1259
1 6 2 6 3 6 10 6 17 6 20 6 21 6 23 6 25 6 26 6 27 6 28 6 29 6 30 6 1471 1480 1572 1617 798 894 670 750 1510 1548 586 639 1073 1150 354 432 1347 1360 1649 1741 937 963 488 586 1360 1400 991 1027
1 7 2 7 3 7 4 7 5 7 6 7 7 7 8 7 9 7 10 7 11 7 12 7 13 7 14 7 15 7 16 7 17 7 18 7 19 7 20 7 21 7 22 7 23 7 24 7 25 7 26 7 27 7 28 7 29 7 30 7 1480 1522 1617 1673 894 904 736 750 493 560 361 432 694 736 1522 1548 560 595 750 793 793 813 595 597 1603 1617 813 894 1112 1186 1673 1703 1548 1603 913 964 614 639 639 694 1186 1259 1332 1374 432 493 1259 1332 1374 1400 1741 1802 964 1027 597 614 1400 1480 1027 1112
2 8 5 8 6 8 7 8 8 8 10 8 12 8 13 8 14 8 18 8 21 8 22 8 26 8 28 8 29 8 30 8 1786 1802 560 618 432 481 753 793 1721 1737 793 853 618 652 1737 1786 894 951 1246 1331 1371 1374 1374 1426 1802 1837 652 704 1480 1496 1331 1371
1 8 3 8 4 8 9 8 11 8 15 8 16 8 17 8 19 8 20 8 23 8 24 8 25 8 27 8 3403 3421 940 1026 770 846 595 660 846 940 1267 1332 3489 3493 3421 3489 689 694 694 770 493 588 1332 1354 1400 1430 1238 1267
6 9 9 9 10 9 13 9 15 9 18 9 26 9 28 9 29 9 1207 1251 1251 1293 1663 1725 4105 4108 1745 1820 1725 1745 4108 4207 1293 1339 1820 1834
1 9 2 9 3 9 4 9 19 9 23 9 24 9 3569 3584 3584 3588 3467 3559 3443 3467 3382 3443 588 686 3559 3569
5 9 8 9 14 9 16 9 20 9 22 9 30 9 903 1001 3543 3606 3477 3530 3606 3672 1001 1099 3536 3543 3530 3536
7 9 11 9 12 9 17 9 21 9 25 9 27 9 1369 1374 1374 1393 1278 1369 4257 4278 1415 1430 4164 4257 1393 1415
1 10 2 10 3 10 4 10 5 10 6 10 7 10 8 10 9 10 10 10 11 10 12 10 13 10 14 10 15 10 16 10 17 10 18 10 19 10 20 10 21 10 22 10 23 10 24 10 25 10 26 10 27 10 28 10 29 10 30 10 5266 5314 5620 5632 6372 6430 5583 5620 5330 5422 6828 6875 6430 6515 6326 6344 5469 5518 6515 6549 5916 5936 6043 6084 6875 6965 6344 6372 6709 6729 5822 5916 6729 6828 6243 6251 5433 5456 6163 6243 5716 5797 5518 5583 6084 6163 5936 5977 6549 6633 5632 5716 6251 6326 5797 5822 6633 6709 5977 6043

Objecttive: 0.480108 61513 14
3 1 4 1 5 1 7 1 8 1 9 1 10 1 11 1 13 1 17 1 18 1 19 1 21 1 22 1 23 1 24 1 27 1 28 1 72 106 40 49 412 455 221 276 49 72 106 129 350 380 0 6 276 350 213 221 456 513 1275 1287 1390 1470 129 175 175 213 455 456 380 412 6 40
1 1 2 1 6 1 12 1 14 1 15 1 16 1 20 1 25 1 26 1 29 1 30 1 348 358 30 48 48 66 1078 1175 66 138 180 275 138 180 275 348 1373 1400 1221 1303 0 30 1043 1078
1 2 2 2 3 2 4 2 5 2 6 2 7 2 8 2 9 2 10 2 11 2 12 2 13 2 14 2 15 2 16 2 17 2 18 2 19 2 20 2 21 2 22 2 23 2 24 2 25 2 26 2 27 2 28 2 29 2 30 2 915 1007 174 183 325 351 183 191 1127 1137 191 272 758 773 272 325 351 379 1007 1090 6 86 1175 1220 817 915 379 462 679 758 520 569 610 679 1220 1287 1287 1303 773 817 1470 1560 462 520 569 610 1137 1175 1400 1470 1303 1400 1104 1127 139 174 86 139 1090 1104
1 3 2 3 5 3 7 3 8 3 11 3 14 3 18 3 23 3 25 3 27 3 1007 1104 183 262 1181 1242 773 797 325 333 86 112 462 471 1287 1312 630 653 1470 1499 1127 1136
3 3 4 3 13 3 15 3 16 3 24 3 26 3 29 3 30 3 351 436 207 304 915 961 758 780 622 683 1201 1296 1400 1406 139 175 1104 1156
6 3 9 3 10 3 12 3 17 3 19 3 20 3 21 3 22 3 28 3 272 315 379 402 1090 1186 1220 1240 710 756 1303 1393 846 866 1560 1584 520 587 174 238
1 4 4 4 7 4 8 4 9 4 11 4 12 4 17 4 20 4 22 4 23 4 24 4 25 4 26 4 28 4 30 4 1104 1145 316 327 797 866 354 402 402 484 112 183 1240 1253 758 759 866 943 587 653 653 663 1299 1379 1499 1522 1406 1415 238 257 1156 1234
2 4 3 4 5 4 6 4 10 4 13 4 14 4 15 4 16 4 18 4 19 4 21 4 27 4 29 4 262 283 436 448 1242 1292 315 401 1186 1229 964 993 471 539 780 879 688 756 1320 1353 1397 1439 1584 1679 1136 1179 175 197
1 5 4 5 6 5 7 5 9 5 10 5 11 5 12 5 16 5 18 5 20 5 22 5 25 5 26 5 28 5 1145 1158 327 401 401 465 866 922 489 533 1229 1234 183 198 1253 1333 756 799 1353 1388 943 981 653 751 1522 1615 1417 1514 257 315
2 5 3 5 5 5 8 5 13 5 14 5 15 5 17 5 19 5 21 5 23 5 24 5 27 5 29 5 30 5 283 347 460 539 1295 1379 410 445 993 1052 539 614 879 969 759 816 1439 1520 1679 1705 663 757 1379 1437 1179 1208 197 282 1234 1292
3 6 4 6 5 6 6 6 11 6 13 6 15 6 16 6 22 6 25 6 26 6 27 6 28 6 30 6 552 603 402 460 1382 1457 465 495 198 232 1052 1120 969 1052 799 867 751 799 1615 1678 1514 1547 1208 1250 315 402 1292 1326
1 6 2 6 7 6 8 6 9 6 10 6 12 6 14 6 17 6 18 6 19 6 20 6 21 6 23 6 24 6 29 6 1158 1203 347 444 922 948 445 527 533 580 1234 1320 1333 1388 614 658 830 865 1388 1437 1520 1610 981 1057 1705 1736 757 816 1437 1520 282 286
1 7 3 7 4 7 5 7 7 7 8 7 10 7 11 7 12 7 17 7 20 7 22 7 25 7 26 7 28 7 1203 1251 603 692 460 527 1457 1547 948 1006 527 603 1320 1339 232 271 1388 1457 865 905 1057 1129 799 822 1678 1774 1547 1590 402 411
2 7 6 7 9 7 13 7 14 7 15 7 16 7 18 7 19 7 21 7 23 7 24 7 27 7 29 7 30 7 444 454 495 580 580 626 1120 1148 658 757 1052 1067 867 963 1437 1521 1610 1667 1736 1752 816 856 1521 1590 1250 1306 286 356 1326 1409
1 8 4 8 5 8 9 8 10 8 11 8 14 8 16 8 19 8 20 8 23 8 25 8 26 8 28 8 30 8 1251 1279 527 601 1547 1586 626 703 1339 1378 271 316 757 852 963 1062 1667 1686 1129 1156 856 949 1774 1793 1590 1633 411 502 1409 1499
2 8 3 8 6 8 7 8 8 8 12 8 13 8 15 8 17 8 18 8 21 8 22 8 24 8 27 8 29 8 454 521 692 718 580 597 1006 1028 603 656 1457 1493 1148 1167 1067 1130 905 954 1521 1552 1752 1779 822 905 1590 1650 1306 1396 356 451
6 9 7 9 11 9 13 9 14 9 18 9 21 9 27 9 597 652 1028 1073 316 321 1167 1194 852 857 1552 1625 1779 1786 1396 1397
3 9 4 9 12 9 20 9 23 9 24 9 29 9 718 724 601 618 1493 1567 1156 1233 949 1032 1650 1686 451 541
1 9 8 9 16 9 22 9 25 9 26 9 28 9 30 9 1279 1321 656 715 1062 1123 905 913 1793 1827 1633 1670 502 546 1499 1557
2 9 5 9 9 9 10 9 15 9 17 9 19 9 521 593 1586 1595 703 782 1378 1408 1130 1178 954 980 1686 1771
1 10 2 10 3 10 4 10 5 10 6 10 7 10 8 10 9 10 10 10 11 10 12 10 13 10 14 10 15 10 16 10 17 10 18 10 19 10 20 10 21 10 22 10 23 10 24 10 25 10 26 10 27 10 28 10 29 10 30 10 6528 6605 7076 7142 6410 6471 6471 6479 7203 7269 6234 6314 6699 6778 6118 6187 5744 5780 6948 7038 6187 6234 6077 6118 5949 5985 5667 5741 6778 6867 6314 6322 5780 5836 6651 6699 6479 6528 5741 5744 7142 7203 5509 5607 6322 6410 6605 6651 7038 7076 5836 5908 5985 6077 5607 5667 5908 5949 6867 6948


Objective: 0.543932 2034 8
1 1 2 1 4 1 5 1 7 1 8 1 10 1 12 1 16 1 17 1 18 1 19 1 20 1 23 1 24 1 25 1 26 1 27 1 28 1 29 1 31 1 34 1 35 1 36 1 37 1 927 1023 357 415 111 123 1073 1104 166 216 866 922 5 58 235 266 415 477 548 580 580 603 1104 1197 1197 1274 603 638 123 166 68 111 638 718 477 548 216 235 0 2 1023 1073 58 68 801 866 266 357 2 5
3 1 6 1 9 1 11 1 13 1 14 1 15 1 21 1 22 1 30 1 32 1 33 1 38 1 39 1 40 1 807 864 346 423 0 8 8 44 172 251 509 585 428 509 251 346 87 116 864 939 585 675 44 87 124 172 939 1023 675 755
1 2 2 2 3 2 5 2 6 2 9 2 11 2 12 2 14 2 15 2 16 2 17 2 18 2 20 2 21 2 23 2 26 2 28 2 30 2 31 2 32 2 37 2 38 2 40 2 1060 1117 559 608 932 943 1177 1194 423 509 973 1060 77 172 1123 1177 1194 1233 509 559 726 754 608 704 720 726 1364 1379 400 423 704 720 943 973 261 359 1233 1314 1314 1364 761 824 5 77 172 261 824 858
4 2 7 2 8 2 10 2 13 2 19 2 22 2 24 2 25 2 27 2 29 2 33 2 34 2 35 2 36 2 39 2 228 287 810 868 922 952 58 104 287 320 1197 1221 140 198 380 449 198 228 548 647 735 810 666 735 104 140 952 1017 449 545 1309 1397
1 3 4 3 6 3 15 3 20 3 24 3 25 3 26 3 29 3 30 3 38 3 1329 1364 1214 1239 1239 1311 1037 1123 1438 1475 1311 1316 1123 1140 1364 1438 1140 1214 1475 1562 1316 1329
2 3 7 3 10 3 19 3 22 3 23 3 32 3 40 3 1142 1210 1409 1455 1043 1142 1358 1409 1455 1523 1210 1249 1249 1278 1278 1358
5 3 9 3 13 3 16 3 17 3 18 3 21 3 28 3 34 3 36 3 37 3 1268 1280 1091 1109 1288 1340 1399 1418 1205 1255 1255 1268 1280 1288 1340 1399 994 1091 1418 1506 1109 1205
3 3 8 3 11 3 12 3 14 3 27 3 31 3 33 3 35 3 39 3 1496 1562 1157 1173 1013 1071 1393 1397 1233 1296 1071 1157 1450 1496 1296 1393 1173 1233 1397 1450

Objective: 0.677779 886 8
1 1 2 1 3 1 4 1 5 1 6 1 8 1 10 1 12 1 14 1 15 1 17 1 18 1 19 1 20 1 22 1 23 1 24 1 27 1 28 1 29 1 30 1 31 1 32 1 34 1 36 1 37 1 39 1 40 1 62 80 328 413 18 29 1309 1372 35 62 1043 1137 127 209 0 17 413 505 505 587 230 328 80 104 104 127 17 18 858 953 697 765 953 1043 1137 1219 1219 1242 1242 1309 29 35 1551 1615 587 628 1456 1551 209 227 1389 1456 628 697 824 858 765 824
7 1 9 1 11 1 13 1 16 1 21 1 25 1 26 1 33 1 35 1 38 1 0 12 32 44 109 133 257 351 44 109 12 20 186 257 351 402 20 26 26 32 133 186
2 2 3 2 4 2 6 2 9 2 11 2 14 2 15 2 26 2 30 2 31 2 33 2 38 2 40 2 413 455 29 117 1372 1454 1137 1181 117 190 234 328 587 657 328 395 723 779 1615 1645 657 723 779 818 1454 1497 824 853
1 2 5 2 7 2 8 2 10 2 12 2 13 2 16 2 17 2 18 2 19 2 20 2 21 2 22 2 23 2 24 2 25 2 27 2 28 2 29 2 32 2 34 2 35 2 36 2 37 2 39 2 80 126 126 158 158 165 431 482 17 47 613 642 482 563 742 781 166 200 781 864 341 431 1392 1478 563 613 891 916 1478 1559 1219 1308 916 937 1559 1582 1309 1383 254 341 1706 1717 642 689 689 742 1582 1646 864 891 1646 1706
1 3 7 3 23 3 25 3 30 3 32 3 33 3 1456 1525 1778 1863 1777 1778 1624 1692 1692 1777 1863 1959 1525 1624
2 3 3 3 5 3 6 3 8 3 9 3 12 3 13 3 22 3 24 3 27 3 29 3 36 3 38 3 1543 1563 1772 1842 1917 1955 1842 1852 1491 1507 1720 1728 1563 1586 1857 1915 1668 1720 1507 1543 1586 1646 1852 1857 1646 1668 1728 1772
4 3 10 3 14 3 15 3 17 3 19 3 20 3 31 3 35 3 37 3 39 3 1794 1821 1868 1944 1555 1600 1416 1508 1674 1676 1600 1674 1676 1703 1703 1720 1720 1794 1508 1555 1821 1868
11 3 16 3 18 3 21 3 26 3 28 3 34 3 40 3 1673 1767 1767 1800 1616 1673 1800 1830 1830 1904 1531 1616 1904 1907 1452 1531

Objective: 0.786821 9 15
1 1 6 1 7 1 9 1 10 1 11 1 12 1 15 1 16 1 18 1 19 1 20 1 21 1 22 1 23 1 25 1 26 1 27 1 28 1 36 1 108 169 982 1069 397 463 169 232 689 769 627 689 30 62 288 342 0 30 98 108 463 506 232 266 769 864 62 98 537 627 864 884 266 288 342 397 506 537 884 982
2 1 3 1 4 1 5 1 8 1 13 1 14 1 17 1 24 1 29 1 30 1 31 1 32 1 33 1 34 1 35 1 37 1 38 1 39 1 40 1 813 899 233 282 165 199 681 716 282 349 469 559 0 4 65 164 905 991 655 681 716 813 46 65 571 655 415 469 559 571 349 415 4 46 199 233 164 165 991 1088
1 2 7 2 8 2 13 2 16 2 18 2 21 2 23 2 24 2 26 2 30 2 33 2 169 261 463 514 349 387 559 650 30 39 108 119 864 889 650 692 997 1082 288 322 813 831 514 540
2 2 6 2 9 2 10 2 14 2 22 2 29 2 35 2 36 2 37 2 38 2 39 2 899 984 1069 1097 232 272 769 851 17 30 104 153 681 705 415 425 984 1047 46 104 272 341 223 232
4 2 11 2 15 2 27 2 28 2 31 2 32 2 40 2 199 244 700 738 342 390 397 429 537 613 278 322 655 700 1088 1118
3 2 5 2 12 2 17 2 19 2 20 2 25 2 34 2 347 371 716 772 62 142 164 243 506 548 266 316 884 982 571 668
1 3 15 3 16 3 19 3 23 3 25 3 26 3 28 3 30 3 34 3 36 3 37 3 38 3 39 3 40 3 434 471 397 434 39 115 595 638 701 756 1034 1069 322 397 939 1034 831 887 668 701 1069 1118 115 152 471 544 288 322 1118 1190
3 3 7 3 9 3 11 3 12 3 13 3 18 3 20 3 21 3 29 3 31 3 32 3 371 376 514 612 376 436 749 831 436 462 650 749 226 243 316 371 895 986 847 895 831 847 1090 1105
2 3 4 3 5 3 6 3 8 3 10 3 14 3 17 3 22 3 24 3 27 3 33 3 35 3 1004 1082 308 325 772 790 1097 1191 387 427 851 942 110 153 243 308 153 229 1082 1097 429 439 540 575 439 536
1 4 8 4 14 4 21 4 29 4 34 4 37 4 974 1033 1164 1173 1106 1164 1033 1101 1101 1106 1173 1223 913 971
5 4 15 4 24 4 25 4 30 4 35 4 845 940 959 1023 1102 1186 1076 1102 1191 1244 1023 1068
3 4 4 4 17 4 18 4 23 4 26 4 28 4 33 4 919 995 1034 1069 995 1034 1083 1124 1124 1157 1205 1253 1069 1083 1157 1173
2 4 6 4 9 4 10 4 22 4 27 4 1136 1190 1191 1205 1063 1136 981 1057 1205 1232 886 981
12 4 13 4 16 4 36 4 38 4 39 4 1066 1122 920 976 976 1063 1136 1221 1063 1066 1126 1136
7 4 11 4 19 4 20 4 31 4 32 4 40 4 988 1065 1086 1105 1217 1251 893 981 1065 1086 1105 1190 1190 1209

Objective: 0.247088 272 7
1 1 2 1 3 1 4 1 5 1 6 1 8 1 9 1 10 1 14 1 15 1 16 1 17 1 18 1 19 1 20 1 21 1 23 1 25 1 26 1 29 1 31 1 32 1 33 1 34 1 35 1 36 1 40 1 519 575 575 613 1466 1539 1070 1142 408 445 751 832 341 354 33 54 478 519 1370 1466 941 994 706 751 354 408 251 270 1310 1370 270 303 1224 1310 0 4 92 179 62 92 613 706 850 941 1166 1224 994 1070 4 32 445 478 181 251 54 62
7 1 11 1 12 1 13 1 22 1 24 1 27 1 28 1 30 1 37 1 38 1 39 1 0 41 84 146 289 336 549 638 201 289 336 338 338 406 638 735 1159 1198 49 84 425 479 479 549
1 2 2 2 3 2 4 2 5 2 6 2 7 2 8 2 9 2 10 2 11 2 12 2 13 2 14 2 15 2 16 2 17 2 18 2 19 2 20 2 21 2 22 2 23 2 24 2 25 2 26 2 27 2 28 2 29 2 30 2 31 2 32 2 33 2 34 2 35 2 36 2 37 2 38 2 39 2 40 2 1050 1127 1489 1548 2293 2363 1934 1987 644 693 832 913 42 69 400 433 69 77 750 832 1405 1489 571 644 1269 1310 1868 1911 994 1036 1127 1155 913 994 1155 1198 1987 2058 433 497 1840 1868 290 321 4 37 338 396 179 229 108 174 1036 1050 2187 2284 1783 1840 1198 1224 1310 1405 1224 1269 1548 1567 37 42 693 750 251 290 84 108 497 549 549 571 77 84
1 3 2 3 3 3 4 3 5 3 6 3 7 3 8 3 9 3 10 3 11 3 12 3 13 3 14 3 15 3 16 3 17 3 18 3 19 3 20 3 21 3 22 3 23 3 24 3 25 3 26 3 27 3 28 3 29 3 30 3 31 3 32 3 33 3 34 3 35 3 36 3 37 3 38 3 39 3 40 3 1127 1182 1557 1567 2363 2435 1987 2041 1052 1123 913 990 69 84 570 589 149 229 1759 1816 1816 1840 1467 1506 1388 1467 2153 2199 1200 1281 1735 1759 994 1052 2199 2284 2058 2153 1593 1691 1871 1914 603 654 42 68 396 471 229 290 471 570 1281 1310 2284 2342 1840 1871 1691 1735 1973 1987 1506 1520 1567 1593 308 396 1310 1349 290 304 108 149 835 913 1349 1388 2435 2526
1 4 3 4 4 4 5 4 6 4 10 4 12 4 15 4 17 4 19 4 24 4 26 4 32 4 35 4 36 4 38 4 39 4 2004 2006 2435 2452 2452 2469 1966 2004 1818 1912 2392 2420 1963 1966 2007 2095 2507 2527 2171 2236 2469 2507 2420 2435 2315 2317 2095 2112 2237 2315 2112 2162 2317 2382
7 4 9 4 14 4 16 4 20 4 23 4 28 4 30 4 33 4 1828 1900 2127 2207 2296 2342 2414 2499 2009 2056 1905 2004 2342 2414 2207 2296 2056 2112
2 4 11 4 13 4 18 4 21 4 22 4 25 4 27 4 29 4 31 4 34 4 37 4 40 4 1992 2090 2426 2449 2150 2230 2449 2526 2230 2259 2306 2355 2259 2306 2360 2426 1930 1989 2090 2150 2355 2360 1892 1928 2526 2584

Objective: 0.1 0 6
1 1 2 1 3 1 4 1 5 1 6 1 7 1 8 1 9 1 10 1 11 1 12 1 13 1 14 1 15 1 16 1 17 1 18 1 19 1 20 1 21 1 22 1 23 1 24 1 25 1 26 1 27 1 28 1 29 1 30 1 31 1 32 1 33 1 34 1 35 1 36 1 37 1 38 1 39 1 40 1 1980 2064 341 415 415 448 253 264 33 76 197 229 297 324 614 678 324 341 0 5 264 279 1435 1529 1258 1342 188 197 495 553 959 1020 1020 1108 1359 1425 1170 1258 5 33 1562 1584 1708 1750 580 614 76 161 448 495 726 789 243 253 2769 2813 789 880 1949 1980 229 243 1642 1708 1877 1949 1529 1562 161 188 279 297 880 959 2064 2136 1108 1170 678 726
1 2 2 2 3 2 4 2 5 2 6 2 7 2 8 2 9 2 10 2 11 2 12 2 13 2 14 2 15 2 16 2 17 2 18 2 19 2 20 2 21 2 22 2 23 2 24 2 25 2 26 2 27 2 28 2 29 2 30 2 31 2 32 2 33 2 34 2 35 2 36 2 37 2 38 2 39 2 40 2 2418 2510 921 935 836 904 287 321 117 162 385 454 377 385 971 1012 653 676 23 33 507 564 1648 1666 1859 1950 324 366 904 921 1458 1517 1108 1166 1425 1458 1258 1330 33 117 1584 1648 1750 1764 761 789 162 210 564 653 789 836 254 287 2946 2990 1333 1425 2321 2418 243 254 1764 1859 2168 2226 1666 1750 2783 2822 489 507 1517 1584 2226 2280 1170 1236 935 971
1 3 2 3 3 3 4 3 5 3 6 3 7 3 8 3 9 3 10 3 11 3 12 3 13 3 14 3 15 3 16 3 17 3 18 3 19 3 20 3 21 3 22 3 23 3 24 3 25 3 26 3 27 3 28 3 29 3 30 3 31 3 32 3 33 3 34 3 35 3 36 3 37 3 38 3 39 3 40 3 2546 2611 1646 1703 904 936 321 353 946 1003 454 509 392 454 1012 1047 2899 2990 153 210 564 571 1746 1841 1950 2011 571 587 1003 1012 1880 1950 1247 1328 1703 1746 1330 1379 821 895 2011 2107 2513 2546 1047 1117 210 303 653 695 895 904 371 392 2990 3038 1425 1455 2418 2513 353 371 2152 2231 2231 2324 2107 2152 2822 2899 509 563 1841 1880 2324 2416 1236 1247 1117 1184
1 4 2 4 3 4 4 4 5 4 6 4 7 4 8 4 9 4 10 4 11 4 12 4 13 4 14 4 15 4 16 4 17 4 18 4 19 4 20 4 21 4 22 4 23 4 24 4 25 4 26 4 27 4 28 4 29 4 30 4 31 4 32 4 33 4 34 4 35 4 36 4 37 4 38 4 39 4 40 4 2712 2767 1858 1950 936 960 353 376 1003 1021 605 608 573 600 1659 1746 2990 3052 264 335 600 605 2346 2437 2327 2346 608 683 1021 1042 1950 2019 1328 1359 1746 1751 2088 2128 895 910 2128 2152 2617 2712 1117 1142 2437 2488 695 743 960 995 462 552 3052 3119 2179 2246 2578 2617 376 462 2488 2550 2550 2562 2152 2167 2899 2965 563 573 2246 2327 2562 2578 1247 1289 1184 1185
1 5 6 5 9 5 10 5 11 5 14 5 15 5 18 5 19 5 20 5 21 5 23 5 25 5 27 5 29 5 31 5 33 5 34 5 36 5 37 5 38 5 39 5 40 5 4438 4534 3654 3749 4246 4314 4665 4675 3791 3848 4723 4753 3585 3625 4314 4318 3908 3913 3860 3908 4534 4616 4327 4424 4064 4151 3571 3585 3854 3860 4151 4246 3777 3791 3629 3647 3774 3777 3949 4016 3913 3949 4016 4064 4319 4327
2 5 3 5 4 5 5 5 7 5 8 5 12 5 13 5 16 5 17 5 22 5 24 5 26 5 28 5 30 5 32 5 35 5 3562 3660 4573 4638 4150 4224 4453 4547 4373 4403 4029 4128 3976 3990 3660 3711 3808 3882 4547 4573 4403 4453 4224 4289 4128 4150 3711 3808 3911 3976 4289 4349 3882 3911

Objective: 0.103426 21 6
1 1 2 1 3 1 4 1 5 1 6 1 7 1 8 1 9 1 10 1 11 1 12 1 13 1 14 1 15 1 16 1 17 1 18 1 19 1 20 1 21 1 22 1 23 1 24 1 25 1 26 1 27 1 28 1 29 1 30 1 31 1 32 1 33 1 34 1 35 1 36 1 37 1 38 1 39 1 40 1 456 471 280 359 1114 1188 1052 1114 943 959 765 792 473 541 471 473 959 990 1537 1540 934 943 865 934 1628 1699 603 607 1268 1345 541 603 1725 1816 1444 1537 1816 1849 1547 1628 792 865 1345 1350 990 994 105 132 407 456 1350 1444 1540 1547 68 105 0 68 170 255 668 765 1050 1052 1188 1217 1217 1236 1699 1725 132 170 994 1050 1236 1268 607 668 255 280
1 2 2 2 3 2 4 2 5 2 6 2 7 2 8 2 9 2 10 2 11 2 12 2 13 2 14 2 15 2 16 2 17 2 18 2 19 2 20 2 21 2 22 2 23 2 24 2 25 2 26 2 27 2 28 2 29 2 30 2 31 2 32 2 33 2 34 2 35 2 36 2 37 2 38 2 39 2 40 2 552 636 636 718 2128 2148 1731 1814 1899 1986 792 853 935 960 718 746 2148 2188 2188 2261 1646 1672 1013 1052 2356 2404 1191 1260 2261 2289 960 977 2432 2453 1537 1611 2453 2504 2313 2356 1611 1646 2019 2035 1260 1325 1052 1061 456 520 2289 2291 2291 2313 1672 1731 129 143 520 552 977 1013 2037 2128 1986 2019 2035 2037 2404 2432 170 229 1061 1130 1814 1899 853 935 746 774
1 3 2 3 3 3 4 3 5 3 6 3 7 3 8 3 9 3 10 3 11 3 12 3 13 3 14 3 15 3 16 3 17 3 18 3 19 3 20 3 21 3 22 3 23 3 24 3 25 3 26 3 27 3 28 3 29 3 30 3 31 3 32 3 33 3 34 3 35 3 36 3 37 3 38 3 39 3 40 3 667 766 766 833 2148 2193 2101 2140 1986 2025 1189 1260 1026 1124 833 929 2490 2519 2354 2360 1672 1719 1300 1381 2454 2490 1260 1300 2366 2413 1498 1567 2639 2683 1611 1648 2683 2695 2519 2578 1785 1850 2212 2281 2055 2101 1441 1466 520 600 2413 2442 2360 2366 1731 1785 2442 2454 600 667 1381 1441 2140 2143 2025 2055 2281 2354 2578 2639 229 270 1466 1498 2193 2212 1124 1189 929 1026
1 4 2 4 3 4 4 4 5 4 6 4 7 4 8 4 9 4 10 4 11 4 12 4 13 4 14 4 15 4 16 4 17 4 18 4 19 4 20 4 21 4 22 4 23 4 24 4 25 4 26 4 27 4 28 4 29 4 30 4 31 4 32 4 33 4 34 4 35 4 36 4 37 4 38 4 39 4 40 4 930 995 833 930 2719 2760 2410 2503 2503 2532 1282 1347 1124 1128 995 1072 3440 3503 2703 2719 2168 2257 1381 1409 3049 3059 1347 1366 2881 2917 1854 1912 3047 3049 1648 1663 3527 3597 3353 3440 2257 2288 2676 2703 2101 2168 2532 2534 719 778 2804 2881 2917 3008 1785 1854 3008 3047 778 833 1441 1511 2534 2589 2589 2676 2760 2804 3503 3527 3643 3719 2318 2410 2288 2318 1189 1282 1072 1108
1 5 2 5 4 5 6 5 8 5 11 5 12 5 15 5 16 5 18 5 23 5 24 5 26 5 27 5 28 5 31 5 32 5 33 5 38 5 39 5 40 5 4259 4343 4054 4072 3873 3890 3504 3596 3939 3973 3631 3718 4072 4112 3805 3814 4114 4193 3997 4046 3814 3873 4204 4225 3973 3997 3596 3631 3347 3435 3435 3504 3748 3805 3891 3939 4225 4259 3718 3748 4046 4054
3 5 5 5 7 5 9 5 10 5 13 5 14 5 17 5 19 5 20 5 21 5 22 5 25 5 29 5 30 5 34 5 35 5 36 5 37 5 3605 3700 3402 3471 4357 4407 3756 3797 4174 4271 3808 3876 3995 4016 3481 3570 3597 3599 3797 3801 4016 4109 4109 4167 3965 3995 4318 4344 3801 3808 3599 3605 3700 3719 3719 3756 3876 3964

Objective: 0.0454545 0 9
1 1 2 1 3 1 4 1 5 1 6 1 7 1 8 1 9 1 10 1 11 1 12 1 13 1 14 1 15 1 16 1 17 1 18 1 19 1 20 1 21 1 22 1 23 1 24 1 25 1 26 1 27 1 28 1 29 1 30 1 31 1 32 1 33 1 34 1 35 1 36 1 37 1 38 1 39 1 40 1 0 42 1626 1702 830 900 723 768 1033 1104 235 275 42 61 535 613 1247 1280 1482 1527 1402 1482 61 74 402 495 1702 1795 2420 2509 1795 1883 275 331 1358 1394 1182 1247 940 1027 708 723 156 200 1280 1358 339 402 516 535 2098 2149 200 235 768 830 900 940 613 708 145 156 1394 1402 1883 1946 1104 1182 1946 2033 74 145 1527 1626 2033 2098 502 516 1027 1033
1 2 2 2 3 2 4 2 5 2 6 2 7 2 8 2 9 2 10 2 11 2 12 2 13 2 14 2 15 2 16 2 17 2 18 2 19 2 20 2 21 2 22 2 23 2 24 2 25 2 26 2 27 2 28 2 29 2 30 2 31 2 32 2 33 2 34 2 35 2 36 2 37 2 38 2 39 2 40 2 42 87 1771 1821 1244 1261 1084 1130 1538 1610 391 402 87 115 715 803 1375 1473 1720 1771 1874 1888 137 145 620 715 1865 1866 2509 2607 1888 1946 438 535 1610 1651 1317 1375 1151 1157 817 884 200 220 1473 1538 402 438 535 620 2247 2292 994 1084 884 973 973 994 803 817 170 189 1651 1707 1946 1965 1261 1317 2033 2113 145 156 1707 1720 2292 2357 2436 2509 1157 1244
1 3 2 3 3 3 4 3 5 3 6 3 7 3 8 3 9 3 10 3 11 3 12 3 13 3 14 3 15 3 16 3 17 3 18 3 19 3 20 3 21 3 22 3 23 3 24 3 25 3 26 3 27 3 28 3 29 3 30 3 31 3 32 3 33 3 34 3 35 3 36 3 37 3 38 3 39 3 40 3 87 157 2081 2167 1286 1360 1151 1233 1662 1733 444 464 210 211 803 808 1607 1651 1813 1866 1984 2017 312 359 717 768 1866 1900 2607 2672 2363 2450 556 615 1651 1662 1440 1505 1233 1246 958 1024 239 312 1558 1607 2017 2080 768 803 2362 2363 1084 1116 1124 1126 1139 1151 817 860 1505 1558 1900 1984 2191 2247 1360 1423 2247 2300 157 210 1733 1813 2450 2506 2515 2607 1246 1286
1 4 2 4 3 4 4 4 5 4 6 4 7 4 8 4 9 4 10 4 11 4 12 4 13 4 14 4 15 4 16 4 17 4 18 4 19 4 20 4 21 4 22 4 23 4 24 4 25 4 26 4 27 4 28 4 29 4 30 4 31 4 32 4 33 4 34 4 35 4 36 4 37 4 38 4 39 4 40 4 157 181 2234 2300 1435 1529 1238 1294 1748 1800 464 500 373 458 819 831 1745 1748 1901 1984 2106 2151 592 607 831 916 1993 2058 2680 2695 2487 2555 615 660 1806 1812 1529 1608 1367 1435 1024 1113 312 373 1812 1901 2151 2234 803 815 2398 2487 1116 1126 1126 1154 1154 1238 916 1014 1657 1745 1984 1993 2323 2398 1611 1657 2300 2323 210 274 2058 2106 2617 2680 2695 2793 1294 1367
1 5 2 5 3 5 4 5 5 5 6 5 7 5 8 5 9 5 10 5 11 5 12 5 13 5 14 5 15 5 16 5 17 5 18 5 19 5 20 5 21 5 22 5 23 5 24 5 25 5 26 5 27 5 28 5 29 5 30 5 31 5 32 5 33 5 34 5 35 5 36 5 37 5 38 5 39 5 40 5 308 317 2484 2550 1633 1644 1450 1482 1874 1927 500 544 458 482 841 864 1748 1819 2191 2270 2340 2416 607 630 1320 1407 2270 2340 2791 2793 2560 2563 660 726 1819 1874 1644 1691 1482 1549 1113 1182 373 441 1998 2091 2416 2484 815 821 2695 2737 1274 1320 1182 1246 1407 1450 1024 1106 1927 1998 2091 2129 2563 2605 1702 1742 2605 2692 317 373 2129 2191 2692 2695 2793 2874 1549 1633
1 6 2 6 3 6 4 6 5 6 6 6 7 6 8 6 9 6 10 6 11 6 12 6 13 6 14 6 15 6 16 6 17 6 18 6 19 6 20 6 21 6 22 6 23 6 24 6 25 6 26 6 27 6 28 6 29 6 30 6 31 6 32 6 33 6 34 6 35 6 36 6 37 6 38 6 39 6 40 6 317 324 2571 2582 1646 1673 1513 1549 1960 2027 544 600 537 544 864 930 1819 1839 2300 2334 2416 2430 630 725 1407 1448 2366 2392 2903 2914 2597 2679 726 821 1874 1960 1691 1731 1549 1554 1287 1347 441 537 2116 2185 2484 2571 821 860 2833 2903 1347 1400 1246 1287 1480 1513 1106 1167 2027 2116 2185 2211 2736 2757 1742 1819 2757 2833 373 412 2286 2300 2695 2736 2931 2950 1636 1643
1 7 2 7 3 7 4 7 5 7 6 7 7 7 8 7 9 7 10 7 11 7 12 7 13 7 14 7 15 7 16 7 17 7 18 7 19 7 20 7 21 7 22 7 23 7 24 7 25 7 26 7 27 7 28 7 29 7 30 7 31 7 32 7 33 7 34 7 35 7 36 7 37 7 38 7 39 7 40 7 495 537 2594 2679 1869 1881 1549 1643 2067 2092 666 725 544 585 930 956 1970 2067 2437 2533 2534 2560 725 822 1448 1493 2392 2437 2950 3004 2679 2691 854 860 1960 1970 1844 1869 1724 1820 1347 1348 585 666 2185 2231 2571 2594 860 908 2911 2950 1400 1421 1328 1347 1514 1549 1167 1245 2137 2185 2231 2300 2831 2911 1881 1935 3030 3111 537 544 2300 2373 2736 2831 3111 3191 1643 1724
2 8 4 8 6 8 8 8 9 8 10 8 12 8 13 8 14 8 15 8 16 8 18 8 19 8 20 8 23 8 29 8 30 8 31 8 32 8 33 8 37 8 39 8 40 8 6217 6292 5688 5698 5804 5903 6129 6138 6549 6573 6890 6985 7077 7173 6177 6205 7173 7229 7341 7389 6823 6890 6138 6177 6292 6295 6297 6324 7229 7231 6573 6630 6713 6808 6370 6394 6671 6713 6985 6992 6205 6217 6453 6472 6992 7077
1 8 3 8 5 8 7 8 11 8 17 8 21 8 22 8 24 8 25 8 26 8 27 8 28 8 34 8 35 8 36 8 38 8 6190 6226 6873 6944 6458 6524 6226 6311 6944 7016 6772 6775 6713 6772 5893 5950 6644 6653 6527 6574 6124 6190 6311 6328 7016 7049 6448 6458 6020 6112 6574 6644 5711 5777

Objective: 0.103448 0 11
1 1 2 1 3 1 4 1 5 1 6 1 7 1 8 1 9 1 10 1 11 1 12 1 13 1 14 1 15 1 16 1 17 1 18 1 19 1 20 1 21 1 22 1 23 1 24 1 25 1 26 1 27 1 28 1 29 1 30 1 31 1 32 1 33 1 34 1 35 1 36 1 37 1 38 1 39 1 40 1 1454 1545 1729 1794 2907 2947 2332 2381 0 13 102 146 232 283 1945 2014 607 624 1879 1945 2808 2907 1138 1170 624 678 146 185 1354 1391 27 37 996 1056 185 232 1545 1637 283 314 1056 1138 18 27 1794 1879 852 898 463 523 545 607 1391 1454 1268 1354 363 419 71 102 701 787 436 455 314 363 787 852 1170 1268 898 996 1637 1729 13 18 419 436 455 463
1 2 2 2 3 2 4 2 5 2 6 2 7 2 8 2 9 2 10 2 11 2 12 2 13 2 14 2 15 2 16 2 17 2 18 2 19 2 20 2 21 2 22 2 23 2 24 2 25 2 27 2 28 2 29 2 30 2 31 2 32 2 33 2 34 2 35 2 36 2 37 2 38 2 2141 2211 2457 2515 2947 3026 2381 2457 901 925 431 491 633 710 2541 2639 1081 1170 2305 2381 2907 2924 1170 1188 1269 1316 491 518 1514 1544 43 132 1316 1395 232 249 2224 2305 585 618 1662 1724 27 43 2211 2224 1395 1422 982 1081 1954 1973 1950 1954 729 819 132 190 1216 1269 819 901 363 431 925 979 1544 1585 1973 2054 2054 2141 251 316
26 2 39 2 40 2 607 703 904 966 703 778
1 3 2 3 3 3 4 3 5 3 6 3 7 3 8 3 9 3 10 3 11 3 12 3 13 3 14 3 15 3 16 3 17 3 18 3 19 3 20 3 21 3 22 3 23 3 24 3 25 3 26 3 27 3 28 3 29 3 30 3 31 3 32 3 33 3 34 3 35 3 36 3 37 3 38 3 39 3 40 3 2352 2362 2515 2605 3026 3055 2799 2816 925 966 664 710 710 719 2639 2653 1170 1172 2605 2639 2924 3021 1207 1244 1316 1374 518 558 1544 1546 422 518 1820 1823 1760 1820 2413 2476 618 664 1724 1757 787 790 2476 2515 1422 1455 1081 1151 1823 1866 2082 2181 2000 2082 819 835 398 422 1621 1676 910 925 558 618 1172 1207 2181 2246 2248 2342 2362 2413 316 398 966 1017 778 787
1 4 2 4 3 4 4 4 5 4 6 4 7 4 8 4 9 4 10 4 11 4 12 4 13 4 14 4 15 4 16 4 17 4 18 4 19 4 20 4 21 4 22 4 23 4 24 4 25 4 26 4 27 4 28 4 29 4 30 4 31 4 32 4 33 4 34 4 35 4 36 4 37 4 38 4 39 4 40 4 2383 2408 2666 2759 3066 3110 2816 2881 967 990 824 864 1375 1396 2653 2663 1267 1355 2759 2808 3021 3066 1607 1676 1478 1546 558 630 1546 1597 864 871 1853 1866 1905 2001 2476 2489 664 739 1757 1853 928 967 2515 2536 1455 1461 1396 1455 1866 1905 2408 2420 2133 2203 1046 1129 739 824 1676 1757 1129 1207 1355 1375 1207 1267 2246 2253 2342 2383 2420 2476 398 484 1017 1046 871 928
1 5 2 5 3 5 4 5 5 5 6 5 7 5 8 5 9 5 10 5 11 5 12 5 13 5 14 5 15 5 16 5 17 5 18 5 19 5 20 5 21 5 22 5 23 5 24 5 25 5 26 5 27 5 28 5 29 5 30 5 31 5 32 5 33 5 34 5 35 5 36 5 37 5 38 5 39 5 40 5 2432 2486 2777 2808 3153 3172 2881 2956 1085 1148 1010 1046 1615 1676 2663 2720 1355 1359 2808 2877 3066 3153 1676 1689 1864 1909 2726 2777 1597 1615 926 967 1909 2001 2001 2021 2566 2663 739 767 2102 2172 967 1006 2536 2556 1461 1493 1493 1522 2021 2102 2521 2536 2203 2253 1198 1279 824 910 1757 1843 1315 1355 1522 1597 1691 1757 2253 2345 2407 2432 2556 2566 484 576 1046 1085 1148 1198
1 6 2 6 3 6 4 6 5 6 6 6 7 6 8 6 9 6 10 6 11 6 12 6 13 6 14 6 15 6 16 6 17 6 18 6 19 6 20 6 21 6 22 6 23 6 24 6 25 6 26 6 27 6 28 6 29 6 30 6 31 6 32 6 33 6 34 6 35 6 36 6 37 6 38 6 39 6 40 6 2996 3013 2952 2956 3202 3281 2956 2966 1148 1239 2966 2996 1900 1904 2847 2877 1775 1794 2877 2952 3153 3156 1794 1801 1909 1971 2784 2847 1801 1886 994 1085 2106 2172 2217 2306 2738 2784 767 801 2172 2217 1239 1319 2693 2738 1985 2054 3013 3108 2474 2566 3281 3297 2306 2345 1691 1713 910 988 2054 2106 1713 1775 1904 1909 3108 3130 2345 2432 2432 2470 2566 2660 801 888 1085 1116 1605 1691
1 7 2 7 3 7 4 7 5 7 6 7 7 7 8 7 9 7 10 7 11 7 12 7 13 7 14 7 15 7 16 7 17 7 18 7 19 7 20 7 21 7 22 7 23 7 24 7 25 7 26 7 27 7 28 7 29 7 30 7 31 7 32 7 33 7 34 7 35 7 36 7 37 7 38 7 39 7 40 7 3533 3601 2997 3084 3296 3346 2966 2974 1875 1909 3086 3098 2243 2336 3181 3265 2947 2966 3084 3086 3156 3181 2146 2243 2336 2350 2890 2930 1952 2011 1171 1235 2400 2431 2431 2470 2804 2890 801 898 2592 2625 1808 1875 2741 2804 2054 2131 3601 3691 2625 2660 3346 3406 2560 2592 3098 3130 1235 1295 2350 2400 1775 1808 1909 1952 3130 3156 3265 3278 2470 2560 2660 2741 898 969 1116 1171 1691 1742
1 8 2 8 4 8 6 8 10 8 13 8 14 8 15 8 21 8 23 8 24 8 27 8 29 8 30 8 32 8 33 8 34 8 35 8 37 8 38 8 39 8 3601 3642 3415 3435 3106 3107 3124 3201 3110 3124 3257 3259 2930 2990 2990 3024 3642 3644 3259 3267 3549 3554 3406 3415 3206 3228 3042 3106 2875 2915 3435 3502 3228 3257 3278 3333 3843 3884 3554 3587 3502 3545
3 8 17 8 18 8 20 8 22 8 25 8 26 8 31 8 40 8 3579 3601 3466 3531 3099 3135 3018 3099 3282 3309 3691 3710 3136 3177 3203 3282 3309 3383
5 8 7 8 8 8 9 8 11 8 12 8 16 8 19 8 28 8 36 8 2936 3011 3366 3442 3312 3366 3096 3166 3261 3312 2886 2926 3515 3604 3166 3258 3023 3096 3449 3515

Objecttive: 0.485746 105450 6
7 1 8 1 9 1 10 1 11 1 12 1 13 1 24 1 32 1 35 1 36 1 57 146 194 208 1475 1511 146 194 0 57 1561 1650 1754 1805 303 387 396 474 208 303 387 396 
3 1 6 1 14 1 16 1 18 1 19 1 20 1 22 1 25 1 26 1 29 1 34 1 38 1 27 91 185 198 0 27 422 456 382 422 315 382 1669 1689 538 545 1783 1838 545 617 91 185 456 538 198 281 
1 1 2 1 4 1 5 1 15 1 17 1 21 1 23 1 27 1 28 1 30 1 31 1 33 1 37 1 39 1 40 1 18 30 1811 1892 242 316 30 56 316 395 0 18 73 103 1148 1222 58 73 1625 1720 187 207 56 58 207 242 1131 1148 103 187 1338 1357 
5 2 6 2 8 2 17 2 18 2 20 2 21 2 22 2 25 2 26 2 27 2 29 2 32 2 36 2 38 2 39 2 101 102 219 232 306 376 18 36 422 453 1689 1723 149 185 1441 1445 1838 1899 1629 1640 102 149 185 195 1357 1414 1084 1183 376 422 195 219 
2 2 4 2 7 2 9 2 11 2 14 2 16 2 24 2 28 2 33 2 40 2 1892 1953 366 387 195 283 1511 1551 100 195 28 42 1214 1282 1071 1145 1720 1802 283 366 1357 1378 
1 2 3 2 10 2 12 2 13 2 15 2 19 2 23 2 30 2 31 2 34 2 35 2 37 2 33 58 117 197 197 224 1650 1656 1805 1859 1019 1071 649 651 1222 1226 539 624 58 117 1417 1482 624 649 1148 1221 
1 3 2 3 3 3 4 3 5 3 6 3 7 3 8 3 9 3 10 3 11 3 12 3 13 3 14 3 15 3 16 3 17 3 18 3 19 3 20 3 21 3 22 3 23 3 24 3 25 3 26 3 27 3 28 3 29 3 30 3 31 3 32 3 33 3 34 3 35 3 36 3 37 3 38 3 39 3 40 3 91 121 1953 2037 380 381 794 888 121 200 398 493 493 556 556 624 1551 1640 396 398 269 307 1656 1723 1859 1899 42 91 1071 1145 1282 1378 36 42 978 1071 965 978 1723 1802 307 333 1445 1482 1243 1282 1145 1183 1899 1953 1640 1656 264 269 1802 1859 333 380 624 682 200 264 1414 1445 682 706 1482 1551 706 794 1183 1221 1221 1243 888 965 381 396 1378 1414 
1 4 2 4 3 4 6 4 8 4 10 4 11 4 15 4 17 4 23 4 25 4 26 4 28 4 31 4 33 4 34 4 35 4 36 4 38 4 39 4 40 4 121 205 2037 2052 393 396 535 580 624 707 504 520 381 393 1145 1159 42 64 1288 1344 1953 1966 1656 1752 1859 1880 264 349 707 771 1551 1616 794 884 1221 1274 965 1051 396 441 1445 1500 
4 4 5 4 7 4 9 4 12 4 13 4 14 4 16 4 18 4 19 4 20 4 21 4 22 4 24 4 27 4 29 4 30 4 32 4 37 4 888 935 215 250 556 583 1640 1670 1723 1744 1899 1980 91 153 1378 1436 1071 1093 978 1036 1802 1861 379 380 1482 1574 1191 1222 269 358 427 524 691 781 1445 1456 1243 1289 
1 5 5 5 8 5 9 5 11 5 15 5 16 5 17 5 18 5 19 5 21 5 25 5 26 5 27 5 28 5 29 5 34 5 35 5 36 5 39 5 40 5 205 250 250 337 707 805 1670 1691 398 440 1159 1182 1436 1469 172 198 1099 1139 1036 1091 380 398 1966 2002 1752 1756 358 380 1880 1885 524 623 1616 1634 884 977 1274 1356 441 524 1500 1523 
2 5 3 5 4 5 6 5 7 5 10 5 12 5 13 5 14 5 20 5 22 5 23 5 24 5 30 5 31 5 32 5 33 5 37 5 38 5 2052 2074 435 520 935 993 580 582 583 633 520 580 1744 1750 1980 1989 153 252 1861 1928 1574 1648 1344 1372 1222 1237 781 861 349 435 1456 1475 771 781 1289 1344 1051 1150 
3 6 6 6 7 6 12 6 13 6 14 6 17 6 19 6 22 6 23 6 24 6 27 6 28 6 31 6 32 6 33 6 35 6 36 6 38 6 520 556 665 706 706 759 1750 1782 1989 2080 252 333 198 252 1091 1127 1648 1691 1372 1451 1237 1300 380 402 1885 1902 435 460 1475 1556 781 868 1046 1091 1366 1372 1150 1237 
1 6 2 6 4 6 5 6 8 6 9 6 10 6 11 6 15 6 16 6 18 6 20 6 21 6 25 6 26 6 29 6 30 6 34 6 37 6 39 6 40 6 369 402 3192 3251 993 1025 402 445 805 841 1691 1737 580 615 457 516 1182 1244 1469 1523 1139 1182 1928 1980 445 457 3167 3192 1756 1822 623 712 861 874 1634 1645 1344 1413 524 537 1523 1546 
2 7 3 7 4 7 5 7 7 7 12 7 16 7 17 7 18 7 20 7 21 7 30 7 34 7 36 7 3251 3323 588 683 1182 1187 471 492 759 843 1782 1866 1523 1589 323 365 1217 1306 1980 1996 492 588 874 892 1645 1654 1392 1402 
1 7 9 7 10 7 11 7 13 7 15 7 19 7 27 7 28 7 29 7 33 7 37 7 40 7 426 427 1737 1756 615 666 516 615 3315 3316 1244 1267 1127 1203 427 516 1923 1953 736 791 1064 1127 1413 1423 1546 1634 
6 7 8 7 14 7 22 7 23 7 24 7 25 7 26 7 31 7 32 7 35 7 38 7 39 7 951 1022 1022 1042 333 431 1721 1725 1451 1503 1365 1372 3253 3311 3134 3199 460 498 1556 1618 1104 1184 1249 1263 889 951 
4 8 6 8 8 8 11 8 12 8 14 8 16 8 17 8 25 8 31 8 34 8 36 8 38 8 1187 1206 1022 1104 1104 1187 862 946 1866 1939 431 479 1589 1605 365 431 3311 3365 498 530 1654 1713 1402 1414 1263 1299 
1 8 9 8 10 8 13 8 15 8 19 8 23 8 24 8 27 8 28 8 29 8 30 8 39 8 40 8 464 544 3183 3243 972 1043 3316 3389 1267 1286 1203 1221 1503 1540 1423 1425 544 599 3243 3250 1043 1099 1116 1203 951 972 1634 1695 
2 8 3 8 5 8 7 8 18 8 20 8 21 8 22 8 26 8 32 8 33 8 35 8 37 8 3448 3508 683 777 508 588 1048 1136 1306 1338 3251 3295 588 650 1725 1746 3199 3251 1618 1638 1152 1186 1186 1214 1423 1483 
3 9 4 9 7 9 11 9 12 9 13 9 14 9 16 9 17 9 18 9 19 9 20 9 21 9 22 9 28 9 33 9 34 9 36 9 38 9 1041 1136 1206 1221 1136 1186 946 1041 3229 3250 3705 3754 795 890 1635 1713 754 795 1338 1414 1221 1299 3618 3705 890 946 1746 1826 3250 3302 1186 1206 1713 1746 1537 1635 1299 1338 
1 9 2 9 5 9 6 9 8 9 9 9 10 9 15 9 23 9 24 9 25 9 26 9 27 9 29 9 30 9 31 9 32 9 35 9 37 9 39 9 40 9 921 944 3870 3921 944 964 1150 1179 1228 1240 3265 3345 1069 1150 1337 1425 3154 3159 1425 1483 3849 3870 3753 3849 999 1028 1179 1228 1240 1256 964 999 3159 3185 1256 1337 1483 1511 1028 1069 3185 3265 
1 10 2 10 3 10 4 10 5 10 6 10 7 10 8 10 9 10 10 10 11 10 12 10 13 10 14 10 15 10 16 10 17 10 18 10 19 10 20 10 21 10 22 10 23 10 24 10 25 10 26 10 27 10 28 10 29 10 30 10 31 10 32 10 33 10 34 10 35 10 36 10 37 10 38 10 39 10 40 10 6459 6477 6333 6374 6445 6459 7295 7358 6374 6445 7046 7096 6789 6833 7177 7192 7949 7989 7207 7219 6983 7015 7587 7668 7015 7017 6243 6333 7668 7730 6559 6591 6740 6769 7096 7177 8081 8129 8129 8193 6833 6881 7358 7438 6769 6789 6591 6680 7496 7587 7219 7295 7460 7496 7438 7460 6881 6970 8192 8274 6680 6740 7989 8081 7910 7949 7811 7909 6477 6559 7192 7207 7730 7810 7810 7812 7017 7046 6970 6983


Objecttive: 0.300003 124722 6
1 1 3 1 8 1 11 1 13 1 14 1 15 1 16 1 17 1 18 1 19 1 20 1 23 1 25 1 26 1 27 1 29 1 31 1 34 1 37 1 38 1 39 1 40 1 1054 1074 937 982 0 90 259 334 218 245 399 491 166 203 1008 1016 498 568 245 259 727 769 90 166 698 727 686 698 203 205 205 218 334 368 368 399 568 610 769 787 610 686 491 498 1111 1156 
2 1 4 1 5 1 6 1 7 1 9 1 10 1 12 1 21 1 22 1 24 1 28 1 30 1 32 1 33 1 35 1 36 1 498 581 127 202 1051 1105 814 898 0 13 13 98 202 212 923 946 302 399 212 302 98 127 666 679 1110 1177 775 814 399 413 581 666 413 498 
2 2 4 2 5 2 7 2 9 2 10 2 11 2 12 2 13 2 15 2 16 2 17 2 19 2 21 2 23 2 33 2 34 2 35 2 36 2 694 737 202 243 1252 1337 13 46 98 154 316 370 443 522 980 1050 370 443 243 316 1050 1138 683 694 869 946 522 574 824 869 574 634 737 747 747 824 634 683 
1 2 3 2 6 2 8 2 14 2 18 2 20 2 22 2 24 2 25 2 26 2 27 2 28 2 29 2 30 2 31 2 32 2 37 2 38 2 39 2 40 2 1085 1156 982 1074 898 982 90 92 613 651 420 426 166 265 426 507 127 145 795 814 265 362 362 420 750 770 507 547 1295 1300 547 613 814 895 895 898 770 795 651 750 1156 1188 
5 3 7 3 12 3 14 3 20 3 21 3 27 3 32 3 34 3 40 3 1337 1391 46 116 1138 1144 657 744 275 300 574 627 445 538 980 1005 788 887 1234 1247 
2 3 3 3 4 3 8 3 10 3 11 3 13 3 23 3 30 3 33 3 815 880 1132 1146 291 328 92 100 370 388 526 606 443 473 962 1015 1300 1344 649 675 
1 3 6 3 17 3 18 3 24 3 25 3 26 3 29 3 37 3 38 3 1231 1302 1070 1091 727 805 426 509 145 241 892 936 362 377 571 665 1020 1029 834 837 
9 3 15 3 16 3 19 3 22 3 28 3 31 3 35 3 36 3 39 3 154 223 327 418 1170 1258 1006 1045 563 602 807 838 637 658 898 966 685 761 775 780 
5 4 8 4 10 4 12 4 13 4 14 4 19 4 20 4 22 4 23 4 24 4 25 4 27 4 28 4 29 4 30 4 31 4 37 4 39 4 40 4 1391 1455 100 154 388 456 1190 1247 473 538 744 780 1091 1190 303 387 602 658 1061 1091 241 300 982 1029 538 602 838 936 665 744 1344 1376 658 665 1029 1061 780 838 1247 1322 
1 4 2 4 3 4 4 4 6 4 7 4 9 4 11 4 15 4 16 4 17 4 18 4 21 4 26 4 32 4 33 4 34 4 35 4 36 4 38 4 1302 1388 880 887 1178 1258 328 348 1123 1178 116 144 223 287 623 627 418 491 1258 1302 805 837 511 607 627 675 377 418 1037 1123 675 761 887 966 998 1037 761 805 837 880 
3 5 6 5 7 5 11 5 14 5 17 5 19 5 20 5 23 5 24 5 25 5 26 5 27 5 28 5 29 5 30 5 31 5 35 5 38 5 40 5 1303 1322 1266 1303 144 225 653 707 820 882 882 971 1244 1266 387 413 1192 1244 300 372 1125 1139 462 537 626 634 1037 1125 744 820 1434 1526 709 744 1139 1192 971 1037 1380 1427 
1 5 2 5 4 5 5 5 8 5 9 5 10 5 12 5 13 5 15 5 16 5 18 5 21 5 22 5 32 5 33 5 34 5 36 5 37 5 39 5 1388 1455 1031 1083 348 430 1544 1598 154 190 287 348 456 483 1297 1311 538 561 491 493 1311 1388 650 658 700 781 658 700 1226 1297 781 879 1083 1155 879 954 1155 1226 954 1031 
2 6 3 6 5 6 6 6 8 6 9 6 13 6 14 6 15 6 16 6 18 6 19 6 20 6 22 6 25 6 29 6 30 6 31 6 35 6 36 6 37 6 38 6 40 6 1125 1139 1420 1427 1598 1645 1377 1420 190 269 348 375 561 659 882 931 493 558 1452 1526 659 728 1337 1377 413 485 728 757 1139 1235 846 882 1526 1559 778 787 1235 1247 954 1023 1255 1279 1054 1121 1427 1452 
1 6 4 6 7 6 10 6 11 6 12 6 17 6 21 6 23 6 24 6 26 6 27 6 28 6 32 6 33 6 34 6 39 6 1557 1642 430 464 225 289 483 537 707 762 1443 1529 973 1008 865 879 1299 1356 372 398 537 634 634 703 1135 1155 1415 1426 879 962 1190 1288 1031 1117 
2 7 3 7 4 7 5 7 8 7 10 7 11 7 12 7 14 7 17 7 18 7 21 7 24 7 26 7 30 7 32 7 35 7 36 7 37 7 39 7 1161 1228 1459 1535 464 484 1645 1735 345 397 537 606 762 845 1535 1559 948 1008 1008 1023 728 762 904 948 398 414 634 691 1559 1645 1426 1459 1247 1339 1023 1098 1339 1426 1117 1147 
1 7 6 7 7 7 9 7 13 7 15 7 16 7 19 7 20 7 22 7 23 7 25 7 27 7 28 7 29 7 31 7 33 7 34 7 38 7 40 7 1642 1696 1455 1510 289 309 375 416 659 690 558 624 1568 1642 1427 1455 485 496 757 787 1356 1426 1235 1288 703 717 1166 1219 929 958 808 896 974 1063 1288 1356 1122 1166 1538 1568 
1 8 2 8 3 8 4 8 5 8 7 8 9 8 11 8 13 8 14 8 15 8 16 8 21 8 22 8 25 8 28 8 32 8 33 8 34 8 37 8 39 8 1722 1761 1228 1249 1567 1652 484 566 1761 1852 345 403 416 448 845 931 690 750 1026 1063 624 626 1680 1696 1005 1014 787 825 1288 1359 1219 1228 1482 1567 1063 1127 1359 1457 1457 1482 1147 1218 
6 8 8 8 10 8 12 8 17 8 18 8 19 8 20 8 23 8 24 8 26 8 27 8 29 8 30 8 31 8 35 8 36 8 38 8 40 8 1518 1600 397 414 606 627 1625 1675 1078 1098 762 861 1462 1518 496 526 1426 1462 414 496 691 706 717 729 958 1047 1675 1764 896 958 1339 1426 1098 1193 1206 1281 1601 1615 
1 9 2 9 3 9 5 9 8 9 9 9 13 9 15 9 16 9 17 9 18 9 20 9 25 9 26 9 28 9 29 9 31 9 32 9 34 9 36 9 38 9 1761 1811 1347 1379 1652 1750 1852 1875 481 502 502 526 782 861 626 667 1750 1761 1131 1193 861 959 526 614 1388 1457 767 782 1228 1249 1094 1131 959 1047 1567 1647 1457 1531 1193 1228 1379 1388 
4 9 6 9 7 9 10 9 11 9 12 9 14 9 19 9 21 9 22 9 23 9 24 9 27 9 30 9 33 9 35 9 37 9 39 9 40 9 566 616 1600 1615 403 496 627 698 931 1014 1714 1764 1214 1257 1563 1600 1144 1214 825 867 1462 1490 496 558 795 825 3304 3403 1257 1347 1426 1442 1522 1563 1347 1426 1615 1714 
1 10 2 10 3 10 4 10 5 10 6 10 7 10 8 10 9 10 10 10 11 10 12 10 13 10 14 10 15 10 16 10 17 10 18 10 19 10 20 10 21 10 22 10 23 10 24 10 25 10 26 10 27 10 28 10 29 10 30 10 31 10 32 10 33 10 34 10 35 10 36 10 37 10 38 10 39 10 40 10 7262 7293 7029 7079 7494 7524 7784 7860 7293 7325 8511 8517 7158 7219 7659 7675 6721 6767 7617 7659 8517 8582 7860 7951 8266 8343 7219 7262 6825 6910 7675 7732 8084 8116 8494 8511 7951 7997 7467 7489 8441 8442 7489 7494 7325 7371 7524 7617 8343 8441 6937 7029 6635 6721 8050 8084 7371 7467 8442 8494 6783 6825 8184 8266 8123 8152 7732 7784 8152 8184 7079 7158 6910 6937 6767 6783 8116 8123 7997 8050

Objecttive: 1.30644 18186 10
9 1 12 1 16 1 17 1 24 1 28 1 30 1 32 1 34 1 36 1 37 1 39 1 42 1 45 1 48 1 273 315 406 493 1071 1169 93 148 6 63 1210 1287 315 406 825 919 180 198 155 180 499 589 200 273 956 1046 625 662 766 791 
4 1 8 1 14 1 15 1 18 1 19 1 21 1 23 1 25 1 26 1 29 1 31 1 33 1 35 1 38 1 43 1 47 1 50 1 996 1031 799 818 583 643 551 583 43 121 445 532 257 351 849 872 895 934 147 206 351 420 420 445 206 255 1072 1153 1155 1211 1282 1283 717 749 1040 1072 
1 1 2 1 3 1 5 1 6 1 7 1 10 1 11 1 13 1 20 1 22 1 27 1 40 1 41 1 44 1 46 1 49 1 0 46 792 850 175 230 1162 1197 565 598 850 883 1083 1162 1242 1272 902 970 92 175 277 374 377 471 688 725 473 562 374 377 230 277 1029 1083 
1 2 2 2 5 2 8 2 10 2 11 2 12 2 13 2 16 2 18 2 20 2 22 2 27 2 28 2 31 2 32 2 34 2 37 2 41 2 42 2 44 2 45 2 46 2 47 2 49 2 46 121 861 919 1197 1272 818 861 1162 1169 1272 1287 493 562 970 1046 1169 1197 121 185 185 198 377 406 471 493 1287 1381 447 471 919 970 198 293 589 662 562 589 1046 1137 406 447 662 749 293 377 749 818 1137 1162 
3 2 4 2 6 2 7 2 9 2 14 2 15 2 17 2 19 2 21 2 23 2 24 2 25 2 26 2 29 2 30 2 33 2 35 2 36 2 38 2 39 2 40 2 43 2 48 2 50 2 253 255 1031 1090 598 643 883 934 323 359 643 725 584 598 148 190 532 584 359 426 872 883 63 148 934 1031 244 253 436 532 426 436 255 292 1153 1211 190 244 1211 1283 292 323 725 791 1283 1364 791 872 1090 1153 
3 3 9 3 10 3 20 3 23 3 27 3 32 3 41 3 42 3 43 3 944 983 983 1038 1270 1364 915 944 1149 1160 1038 1088 1160 1227 1088 1149 1227 1270 1364 1382 
7 3 11 3 13 3 17 3 19 3 21 3 22 3 28 3 34 3 49 3 1154 1203 1348 1381 1203 1266 902 959 1079 1154 1000 1079 995 1000 1381 1382 959 995 1266 1348 
1 3 2 3 4 3 12 3 14 3 15 3 26 3 31 3 35 3 36 3 45 3 48 3 862 921 1151 1203 1203 1296 1077 1088 1112 1124 1088 1112 940 1038 1038 1077 1296 1382 921 940 1124 1145 1145 1151 
16 3 24 3 25 3 29 3 30 3 33 3 38 3 40 3 1282 1306 875 954 1189 1282 1042 1128 1005 1042 954 1005 1306 1382 1128 1189 
5 3 6 3 8 3 18 3 37 3 39 3 44 3 46 3 47 3 50 3 1300 1382 1099 1111 1142 1231 886 972 1111 1137 972 984 1031 1099 984 1031 1137 1142 1231 1300


Objective: 0.600034 23961 7
1 1 2 1 3 1 6 1 8 1 11 1 12 1 14 1 15 1 16 1 17 1 18 1 20 1 25 1 27 1 32 1 33 1 34 1 35 1 37 1 38 1 40 1 42 1 43 1 45 1 46 1 47 1 484 519 187 228 30 110 1091 1158 958 968 0 11 336 424 1517 1576 19 30 271 336 816 910 424 484 14 19 519 613 756 816 613 666 12 14 1006 1091 666 754 1352 1431 110 142 1584 1656 1158 1256 928 958 142 187 228 271 1256 1352
4 1 5 1 7 1 9 1 10 1 13 1 19 1 21 1 22 1 23 1 24 1 26 1 28 1 29 1 30 1 31 1 36 1 39 1 41 1 44 1 48 1 49 1 50 1 8 67 1119 1206 67 73 269 297 189 225 945 1042 327 377 225 269 297 327 650 719 719 804 129 189 848 945 73 104 488 551 104 129 804 848 1411 1461 551 650 1113 1119 1461 1526 0 8 1042 1113
1 2 2 2 3 2 7 2 9 2 12 2 14 2 15 2 16 2 18 2 20 2 22 2 23 2 24 2 25 2 28 2 30 2 33 2 34 2 36 2 37 2 38 2 39 2 42 2 43 2 44 2 45 2 49 2 50 2 703 742 228 241 140 209 73 140 297 367 627 683 1576 1645 259 297 367 402 683 703 847 926 402 423 798 847 926 956 1318 1354 956 962 785 798 423 515 1091 1181 962 972 1518 1565 592 627 1645 1744 1256 1263 1364 1423 1181 1249 1263 1318 515 592 1423 1518
4 2 5 2 6 2 8 2 10 2 11 2 13 2 17 2 19 2 21 2 26 2 27 2 29 2 31 2 32 2 35 2 40 2 41 2 46 2 47 2 48 2 599 684 1340 1403 1158 1199 968 1039 225 255 11 82 1470 1480 910 968 1480 1549 1272 1279 255 338 849 906 1199 1222 458 540 1039 1137 754 849 1656 1752 1403 1470 540 599 1549 1638 1638 1656
1 3 2 3 3 3 6 3 9 3 15 3 17 3 19 3 20 3 23 3 24 3 28 3 31 3 36 3 38 3 39 3 40 3 41 3 43 3 46 3 47 3 2400 2414 2286 2311 1893 1898 2398 2400 2069 2097 2010 2027 2257 2286 2027 2069 2177 2257 2097 2177 1898 1918 1998 2010 2528 2600 1701 1783 2414 2422 2422 2503 2311 2398 1783 1841 2503 2528 1918 1998 1841 1893
4 3 8 3 11 3 12 3 21 3 22 3 26 3 27 3 29 3 33 3 34 3 45 3 48 3 49 3 2278 2323 2074 2087 2480 2555 2050 2074 2087 2107 2107 2127 1970 2050 1750 1838 2212 2278 2409 2480 1915 1970 2127 2212 1838 1915 2323 2409
5 3 7 3 10 3 13 3 14 3 16 3 18 3 25 3 30 3 32 3 35 3 37 3 42 3 44 3 50 3 2530 2606 2314 2402 2177 2221 2042 2087 2087 2118 2221 2314 1866 1920 1774 1866 2402 2486 1702 1774 1987 2042 2486 2530 1962 1987 2118 2177 1920 1962

Objecttive: 0.432710 11618 8
1 1 2 1 3 1 4 1 5 1 6 1 7 1 8 1 9 1 10 1 11 1 12 1 13 1 14 1 15 1 16 1 17 1 18 1 19 1 20 1 21 1 22 1 23 1 24 1 25 1 26 1 27 1 28 1 29 1 30 1 31 1 32 1 33 1 34 1 35 1 36 1 37 1 38 1 39 1 40 1 41 1 42 1 43 1 44 1 45 1 46 1 47 1 48 1 49 1 50 1 2917 2931 2441 2529 2067 2082 1617 1633 86 118 2050 2054 292 363 2983 3023 0 86 230 246 3277 3293 141 168 168 230 2599 2691 246 292 3111 3165 1103 1169 118 141 363 455 930 985 1169 1224 528 576 647 739 2837 2848 576 647 827 922 2356 2359 455 528 3199 3233 2549 2593 2179 2236 1633 1730 1841 1918 985 1048 1941 2007 922 930 2371 2441 1048 1103 1543 1602 2089 2096 2236 2285 1788 1826 2285 2321 1357 1388 2722 2786 1224 1322 2096 2179 1442 1517 739 827 1388 1442 
1 2 2 2 3 2 4 2 5 2 6 2 7 2 8 2 9 2 10 2 11 2 12 2 13 2 14 2 15 2 16 2 17 2 18 2 19 2 20 2 21 2 22 2 23 2 24 2 25 2 26 2 27 2 28 2 29 2 30 2 31 2 32 2 33 2 34 2 35 2 36 2 37 2 38 2 39 2 40 2 41 2 42 2 43 2 44 2 45 2 46 2 47 2 48 2 49 2 50 2 2931 3021 2529 2593 2082 2156 1672 1730 603 604 2054 2082 756 786 3023 3104 519 603 636 682 3293 3370 612 613 613 636 2691 2786 682 756 3165 3203 1302 1321 604 612 786 855 1096 1170 1321 1322 856 887 946 999 2848 2931 887 946 1024 1051 2359 2457 855 856 3233 3293 2593 2691 2283 2317 1730 1826 1918 2007 1170 1233 2007 2054 1051 1096 2457 2529 1233 1302 1602 1672 2156 2211 2317 2321 1826 1918 2321 2359 1407 1493 2786 2848 1322 1407 2211 2283 1517 1602 999 1024 1493 1517 
1 3 2 3 3 3 4 3 5 3 6 3 7 3 8 3 9 3 10 3 11 3 12 3 13 3 14 3 15 3 16 3 17 3 18 3 19 3 20 3 21 3 22 3 23 3 24 3 25 3 26 3 27 3 28 3 29 3 30 3 31 3 32 3 33 3 34 3 35 3 36 3 37 3 38 3 39 3 40 3 41 3 42 3 43 3 44 3 45 3 46 3 47 3 48 3 49 3 50 3 3021 3104 2644 2711 2354 2408 2140 2167 850 886 2346 2354 1104 1184 3104 3203 771 850 1074 1103 3370 3428 926 984 984 1074 2786 2858 1103 1104 3203 3297 1824 1845 886 926 1184 1274 1604 1664 1845 1941 1331 1408 1478 1538 2934 3021 1408 1478 1566 1575 2538 2572 1274 1331 3297 3370 2711 2786 2462 2514 2167 2198 2260 2315 1664 1753 2315 2346 1575 1604 2572 2644 1753 1824 2133 2140 2408 2417 2514 2520 2198 2260 2520 2538 2040 2043 2858 2934 1941 2040 2417 2462 2062 2133 1538 1566 2043 2062 
1 4 2 4 8 4 11 4 16 4 18 4 25 4 36 4 40 4 42 4 44 4 47 4 49 4 3369 3370 3326 3369 3370 3388 3428 3441 3388 3428 2981 3072 3072 3110 3117 3195 3263 3274 3241 3263 3195 3241 3274 3326 3110 3117 
5 4 7 4 14 4 15 4 17 4 21 4 28 4 43 4 50 4 2967 3032 3040 3057 3361 3441 3032 3040 3149 3153 3153 3205 3057 3149 3299 3361 3205 3299 
6 4 13 4 23 4 30 4 37 4 46 4 3249 3322 3019 3093 3093 3154 3360 3441 3322 3360 3154 3249 
9 4 10 4 19 4 20 4 26 4 31 4 38 4 45 4 48 4 2961 3022 3022 3047 3047 3114 3122 3146 3114 3122 3279 3364 3146 3214 3364 3441 3214 3279 
3 4 4 4 12 4 22 4 24 4 27 4 29 4 32 4 33 4 34 4 35 4 39 4 41 4 3249 3298 3232 3234 2986 3060 3060 3142 3364 3391 3321 3364 3391 3441 3234 3242 3242 3245 3142 3228 3245 3249 3228 3232 3298 3321 

Objective: 0.6 0 13
1 1 2 1 8 1 10 1 12 1 18 1 19 1 23 1 24 1 25 1 27 1 28 1 29 1 31 1 32 1 34 1 35 1 36 1 37 1 40 1 41 1 44 1 48 1 123 162 324 371 430 482 696 737 54 123 236 252 482 520 619 696 0 54 776 862 162 236 897 989 1334 1419 252 324 371 424 520 619 1116 1211 737 776 989 1029 862 897 1211 1244 1029 1116 1244 1334
3 1 4 1 5 1 6 1 7 1 9 1 11 1 13 1 14 1 15 1 16 1 17 1 20 1 21 1 22 1 26 1 30 1 33 1 38 1 39 1 42 1 43 1 45 1 46 1 47 1 49 1 50 1 17 42 588 670 670 744 51 81 120 168 304 388 42 51 4 8 240 304 8 10 388 432 432 506 168 205 744 820 0 4 1123 1187 10 17 205 240 506 536 864 952 952 1028 536 588 1273 1362 90 120 81 90 1028 1123 1187 1273
1 2 4 2 6 2 7 2 8 2 13 2 14 2 16 2 20 2 21 2 22 2 23 2 24 2 25 2 30 2 32 2 33 2 34 2 36 2 38 2 39 2 40 2 42 2 49 2 50 2 332 399 744 807 187 248 258 332 501 551 8 24 807 888 1436 1523 248 258 1179 1274 24 33 696 744 54 145 897 920 145 178 430 501 1274 1362 643 686 1362 1436 551 643 1011 1076 920 1011 1106 1161 1161 1163 1523 1598
2 2 3 2 5 2 9 2 10 2 11 2 12 2 15 2 17 2 18 2 19 2 26 2 27 2 28 2 29 2 31 2 35 2 37 2 41 2 43 2 44 2 45 2 46 2 47 2 48 2 371 449 42 45 848 858 449 516 737 809 51 115 636 697 10 40 516 572 260 300 697 719 1187 1220 300 366 989 990 1419 1495 990 1077 1220 1271 1077 1101 1271 1361 588 636 1116 1177 1372 1406 120 175 175 260 1361 1365
1 3 6 3 9 3 12 3 15 3 16 3 17 3 19 3 35 3 36 3 37 3 42 3 46 3 50 3 399 438 266 319 516 563 697 710 487 516 1523 1552 572 580 719 759 1271 1335 1552 1593 1335 1375 1161 1239 175 266 1598 1629
2 3 4 3 13 3 14 3 18 3 24 3 26 3 32 3 34 3 41 3 43 3 44 3 45 3 774 864 864 872 67 68 888 972 300 359 247 300 1345 1432 501 549 686 774 1432 1513 636 655 1177 1220 1542 1616
3 3 7 3 8 3 10 3 25 3 28 3 29 3 30 3 31 3 38 3 48 3 49 3 45 124 458 551 551 612 809 816 920 990 990 1041 1495 1543 258 345 1077 1166 643 717 1387 1441 1179 1269
5 3 11 3 20 3 21 3 22 3 23 3 27 3 33 3 39 3 40 3 47 3 858 956 115 199 438 506 1274 1345 33 65 744 842 366 425 1362 1406 1106 1204 1011 1057 260 334
1 4 4 4 9 4 10 4 12 4 17 4 19 4 38 4 49 4 1796 1880 1880 1936 1754 1787 1616 1634 1511 1536 1936 2019 1787 1796 1686 1754 1536 1612
6 4 14 4 22 4 24 4 29 4 35 4 36 4 39 4 1821 1826 1826 1916 1449 1534 1559 1601 1970 2039 1727 1821 1628 1727 1606 1628
2 4 3 4 5 4 7 4 11 4 13 4 21 4 34 4 40 4 43 4 1463 1547 1881 1968 1547 1551 1719 1813 1813 1858 1978 2012 1596 1626 1566 1571 1571 1596 1628 1719
8 4 15 4 20 4 23 4 30 4 31 4 33 4 42 4 45 4 46 4 1460 1477 1577 1602 1654 1670 1602 1654 1812 1870 1870 1925 1484 1577 1671 1746 1747 1758 1759 1812
16 4 18 4 25 4 26 4 27 4 32 4 37 4 41 4 47 4 48 4 50 4 1688 1707 1758 1845 1533 1609 1708 1715 1715 1745 1745 1749 1609 1688 1750 1758 1749 1750 1441 1533 1863 1959

Objecttive: 0.534813 17956 13
1 1 2 1 3 1 4 1 5 1 6 1 7 1 8 1 9 1 10 1 11 1 12 1 13 1 14 1 15 1 16 1 17 1 18 1 19 1 20 1 21 1 22 1 23 1 24 1 25 1 26 1 27 1 28 1 29 1 30 1 31 1 32 1 33 1 34 1 35 1 36 1 37 1 38 1 39 1 40 1 41 1 42 1 43 1 44 1 45 1 46 1 47 1 48 1 49 1 50 1 44 92 65 94 86 92 46 92 42 92 93 94 75 92 53 92 14 92 45 92 66 92 24 92 42 92 30 92 46 92 58 92 86 94 40 92 84 92 33 92 21 92 67 92 31 92 63 92 56 92 83 92 89 92 41 92 43 92 11 92 0 92 67 92 81 92 87 92 73 94 0 92 90 92 31 92 0 94 68 92 72 92 85 92 23 92 61 92 83 92 90 92 55 92 22 92 35 92 38 92 
1 2 3 2 4 2 7 2 10 2 11 2 12 2 13 2 14 2 16 2 18 2 22 2 24 2 25 2 26 2 29 2 30 2 32 2 35 2 40 2 43 2 46 2 49 2 590 669 357 429 967 1021 1061 1139 553 590 720 789 320 357 1139 1170 255 281 809 905 669 720 1170 1230 431 484 789 809 905 967 162 255 1021 1061 1230 1256 1256 1336 484 553 92 162 281 320 429 431 
2 2 5 2 6 2 8 2 9 2 15 2 17 2 19 2 20 2 21 2 23 2 27 2 28 2 31 2 33 2 34 2 36 2 37 2 38 2 39 2 41 2 42 2 44 2 45 2 47 2 48 2 50 2 1228 1239 514 594 1239 1272 309 393 1122 1156 466 514 1272 1330 219 309 833 846 902 993 1156 1226 767 833 205 219 92 102 759 767 651 663 594 595 435 466 1029 1122 1226 1228 663 759 144 205 846 902 595 651 393 435 993 1029 102 144 
2 3 10 3 11 3 12 3 14 3 16 3 19 3 21 3 22 3 24 3 27 3 32 3 36 3 37 3 38 3 39 3 41 3 42 3 44 3 46 3 49 3 50 3 1480 1503 638 708 805 892 406 416 331 332 924 951 356 406 1076 1172 1266 1327 500 574 951 997 1327 1402 708 805 574 638 1172 1266 1402 1480 892 924 233 331 997 1076 332 356 431 500 144 233 
1 3 3 3 4 3 5 3 6 3 7 3 8 3 9 3 13 3 15 3 17 3 18 3 20 3 23 3 25 3 26 3 28 3 29 3 30 3 31 3 33 3 34 3 35 3 40 3 43 3 45 3 47 3 48 3 806 824 429 513 1119 1210 735 806 1516 1548 1281 1302 513 537 1349 1373 1302 1349 673 735 1548 1620 867 878 1008 1081 1373 1440 894 972 1081 1119 326 423 255 326 1210 1273 170 177 972 1008 878 894 1440 1516 619 673 162 170 824 867 537 619 1273 1281 
2 4 10 4 16 4 18 4 19 4 21 4 23 4 29 4 34 4 36 4 40 4 44 4 47 4 48 4 1525 1589 767 833 969 1045 878 968 408 493 1172 1251 1440 1525 326 408 968 969 833 848 691 767 1076 1161 619 691 1281 1331 
1 4 3 4 4 4 7 4 8 4 12 4 13 4 15 4 17 4 20 4 25 4 27 4 28 4 31 4 35 4 37 4 38 4 50 4 824 922 513 566 1210 1279 1366 1432 593 632 566 593 1432 1434 735 774 1620 1703 1114 1124 972 1040 1040 1114 423 472 250 296 1516 1570 638 725 1279 1366 233 250 
5 4 6 4 9 4 11 4 14 4 22 4 24 4 26 4 30 4 32 4 33 4 39 4 41 4 42 4 43 4 45 4 46 4 49 4 806 897 1548 1558 1442 1448 982 992 379 423 1362 1442 574 657 1119 1199 1273 1362 1448 1449 1051 1108 1480 1533 992 1051 331 379 170 202 897 982 423 447 500 550 
1 5 4 5 16 5 20 5 21 5 22 5 32 5 43 5 44 5 46 5 47 5 1862 1931 1779 1794 1818 1862 1794 1802 1764 1769 1738 1764 1663 1721 2047 2083 1802 1818 1973 2047 1931 1973 
5 5 8 5 27 5 28 5 30 5 39 5 41 5 45 5 1972 1999 1999 2082 1884 1912 2082 2161 1846 1884 1767 1846 1912 1929 1929 1972 
2 5 19 5 24 5 31 5 34 5 35 5 1719 1767 2033 2081 1955 2033 2081 2122 1862 1955 1767 1862 
3 5 6 5 15 5 18 5 23 5 26 5 33 5 37 5 49 5 50 5 1940 2016 1639 1711 1841 1871 1817 1841 1711 1764 1764 1772 1772 1817 1871 1919 1919 1940 2016 2050 
7 5 9 5 13 5 14 5 25 5 29 5 36 5 40 5 48 5 1834 1841 1825 1834 1704 1720 1895 1962 1720 1725 1962 1988 1653 1704 1988 2076 1733 1825 
10 5 11 5 12 5 17 5 38 5 42 5 1921 1961 1757 1806 1822 1913 2053 2137 1685 1757 1961 2030Objective: 0.153846 0 7
1 1 2 1 3 1 4 1 5 1 6 1 7 1 8 1 9 1 10 1 11 1 12 1 13 1 14 1 15 1 16 1 17 1 18 1 19 1 20 1 21 1 22 1 23 1 24 1 25 1 26 1 27 1 28 1 29 1 30 1 31 1 32 1 33 1 34 1 35 1 36 1 37 1 38 1 39 1 40 1 41 1 42 1 43 1 44 1 45 1 46 1 47 1 48 1 49 1 50 1 90 112 64 78 41 56 213 228 373 446 495 561 228 240 1495 1565 980 1027 7 8 56 63 836 901 901 979 687 765 1319 1407 1883 1952 363 373 1027 1103 1183 1247 112 123 1788 1844 240 324 2134 2228 629 687 193 206 2051 2134 0 3 2423 2506 1407 1495 29 41 123 146 1952 2051 797 836 1565 1631 11 29 3 7 1631 1706 561 629 324 351 351 363 2232 2325 1247 1286 1103 1183 78 90 446 495 2325 2423 765 797 1844 1883 1706 1788 146 193
1 2 2 2 3 2 4 2 5 2 6 2 7 2 8 2 9 2 10 2 11 2 12 2 13 2 14 2 15 2 16 2 17 2 18 2 19 2 20 2 21 2 22 2 23 2 24 2 25 2 26 2 27 2 28 2 29 2 30 2 31 2 32 2 33 2 34 2 35 2 36 2 37 2 38 2 39 2 40 2 41 2 42 2 43 2 44 2 45 2 46 2 47 2 48 2 49 2 50 2 589 649 733 814 56 84 649 688 2029 2106 1162 1181 814 847 1624 1633 2279 2375 8 34 431 526 1273 1328 1023 1029 1032 1052 1709 1760 1981 2029 1069 1162 1453 1542 1421 1453 212 277 1845 1922 343 431 2233 2246 1052 1068 277 343 2204 2233 98 171 2506 2566 1572 1607 526 589 929 1023 2106 2202 1607 1624 1633 1709 84 96 55 56 1844 1845 1181 1268 688 733 1029 1032 2375 2423 1328 1421 1542 1572 96 98 1268 1273 2423 2437 847 929 1922 1981 1824 1844 193 212
1 3 5 3 6 3 8 3 9 3 10 3 11 3 12 3 14 3 15 3 21 3 23 3 24 3 27 3 31 3 36 3 37 3 38 3 39 3 42 3 43 3 46 3 47 3 50 3 649 731 2106 2157 1329 1396 1686 1779 2459 2558 38 136 526 601 1421 1505 1052 1125 1779 1845 2157 2219 2301 2332 1125 1172 214 290 2219 2301 136 214 1845 1935 1302 1329 733 789 1505 1597 1597 1686 2437 2459 1003 1049 296 311
2 3 3 3 4 3 7 3 13 3 16 3 17 3 18 3 19 3 20 3 22 3 25 3 26 3 28 3 29 3 30 3 32 3 33 3 34 3 35 3 40 3 41 3 44 3 45 3 48 3 49 3 814 831 84 145 688 766 924 957 1029 1120 2029 2103 1162 1203 1545 1593 1453 1545 277 331 431 432 343 428 2233 2290 2566 2650 1613 1706 831 924 2364 2372 1825 1876 1709 1736 237 275 1203 1254 2423 2480 169 237 1318 1365 1981 2013 1876 1907
1 4 2 4 3 4 4 4 5 4 6 4 7 4 8 4 9 4 10 4 11 4 12 4 13 4 14 4 15 4 16 4 17 4 18 4 19 4 20 4 21 4 22 4 23 4 24 4 25 4 26 4 27 4 28 4 29 4 30 4 31 4 32 4 33 4 34 4 35 4 36 4 37 4 38 4 39 4 40 4 41 4 42 4 43 4 44 4 45 4 46 4 47 4 48 4 49 4 50 4 997 1038 1038 1063 430 461 766 801 2552 2574 1565 1586 1063 1096 1912 1986 2922 2960 311 372 637 715 1505 1552 2704 2779 1125 1171 2143 2186 2611 2659 1310 1337 1696 1706 2960 3003 612 637 2281 2300 588 612 3003 3068 1337 1403 481 554 2300 2304 1586 1659 3227 3311 1706 1716 925 997 2841 2920 3135 3207 2186 2281 1805 1838 372 408 554 588 1986 1999 1676 1696 801 833 1254 1310 2779 2841 1716 1805 1838 1902 421 430 1403 1408 2459 2552 1171 1223 2013 2092 1907 1912 408 421
6 5 10 5 12 5 14 5 17 5 19 5 20 5 21 5 22 5 23 5 26 5 28 5 29 5 31 5 35 5 44 5 45 5 46 5 47 5 48 5 49 5 50 5 4359 4455 4712 4810 5244 5336 4553 4599 4455 4546 4978 4980 4810 4832 5173 5198 5198 5244 5567 5652 5336 5401 4894 4978 4980 5034 5445 5454 4838 4894 4638 4699 5454 5533 4834 4838 5414 5423 5085 5173 5034 5085 5423 5445
1 5 2 5 3 5 4 5 5 5 7 5 8 5 9 5 11 5 13 5 15 5 16 5 18 5 24 5 25 5 27 5 30 5 32 5 33 5 34 5 36 5 37 5 38 5 39 5 40 5 41 5 42 5 43 5 4542 4601 4884 4970 5368 5387 4883 4884 4858 4881 5165 5243 4881 4883 5352 5368 5066 5081 4750 4824 5521 5583 4829 4858 5118 5140 5022 5066 4527 4542 5244 5328 4682 4750 4970 5022 5140 5165 5081 5118 5650 5697 5507 5521 5243 5244 5328 5352 5390 5481 5583 5637 4256 4355 5697 5728
